# Filename: XFSET.harm1, Snapshot: 1
    0.01889726124994     0.00000000000000     0.00000000000000      -2.58633286E-03 -5.11333877E-06  3.67189334E-06
    0.00000000000000     0.00000000000000     0.00000000000000      -7.75869147E-06  3.02252931E-06  1.30446936E-07
    0.00000000000000     0.00000000000000     0.00000000000000      -8.51927385E-06 -9.36501237E-07 -3.44499445E-06
    0.00000000000000     0.00000000000000     0.00000000000000      -4.43161883E-07 -8.44110757E-07 -9.34094692E-07
    0.00000000000000     0.00000000000000     0.00000000000000      -2.94943488E-05 -3.89611174E-07  2.12047584E-06
    0.00000000000000     0.00000000000000     0.00000000000000       7.97462733E-06  5.39292355E-07 -2.22194237E-06
    0.00000000000000     0.00000000000000     0.00000000000000       6.66184996E-06  5.97130923E-07 -2.96518880E-07
    0.00000000000000     0.00000000000000     0.00000000000000      -1.81219364E-06  1.69708249E-06 -1.65483099E-06
    0.00000000000000     0.00000000000000     0.00000000000000       1.11553583E-04  5.69550973E-06 -1.14159271E-04
    0.00000000000000     0.00000000000000     0.00000000000000       1.10454043E-04 -3.62371717E-07  9.85624628E-05
    0.00000000000000     0.00000000000000     0.00000000000000       3.32300551E-06 -1.92859976E-06 -5.06894448E-06
    0.00000000000000     0.00000000000000     0.00000000000000       9.55300809E-07  1.51735006E-06  3.59494051E-06
    0.00000000000000     0.00000000000000     0.00000000000000       1.08396849E-04 -2.47792127E-06  9.59842952E-05
    0.00000000000000     0.00000000000000     0.00000000000000       1.09035672E-04  6.21494299E-06 -1.11546710E-04
    0.00000000000000     0.00000000000000     0.00000000000000       2.63486510E-06  1.27540066E-06  6.78601170E-06
    0.00000000000000     0.00000000000000     0.00000000000000       1.49036869E-06 -1.85191182E-06 -6.93903442E-06
    0.00000000000000     0.00000000000000     0.00000000000000       1.12963261E-04 -1.14200746E-04  1.04031544E-07
    0.00000000000000     0.00000000000000     0.00000000000000       2.20784495E-06 -6.92475702E-06 -4.44238602E-06
    0.00000000000000     0.00000000000000     0.00000000000000       1.13222471E-04  9.88440398E-05  1.49230208E-06
    0.00000000000000     0.00000000000000     0.00000000000000       2.07939932E-06  5.51038239E-06 -1.35801724E-06
    0.00000000000000     0.00000000000000     0.00000000000000       1.10892673E-04  9.53889301E-05  1.77444961E-06
    0.00000000000000     0.00000000000000     0.00000000000000       1.51990603E-06  4.77525436E-06 -6.64296832E-07
    0.00000000000000     0.00000000000000     0.00000000000000       1.11041041E-04 -1.11056979E-04  6.41001120E-07
    0.00000000000000     0.00000000000000     0.00000000000000       2.28959502E-06 -6.66524754E-06 -4.76832677E-06
    0.00000000000000     0.00000000000000     0.00000000000000      -1.21327909E-05  4.78936310E-07  2.41431424E-06
    0.00000000000000     0.00000000000000     0.00000000000000      -9.94718332E-06  1.31517316E-06 -5.79066898E-06
    0.00000000000000     0.00000000000000     0.00000000000000      -1.17262604E-05  2.01774831E-06 -4.09218512E-06
    0.00000000000000     0.00000000000000     0.00000000000000      -9.64791152E-06  6.03904565E-07  2.26659814E-06
    0.00000000000000     0.00000000000000     0.00000000000000       5.33762962E-06 -3.98141616E-06 -3.46469959E-07
    0.00000000000000     0.00000000000000     0.00000000000000       7.32567533E-06  6.26362628E-07  1.46564218E-06
    0.00000000000000     0.00000000000000     0.00000000000000       3.96522462E-06 -3.54630463E-07  3.28894714E-06
    0.00000000000000     0.00000000000000     0.00000000000000       4.95352429E-06 -3.98565421E-06 -1.84896915E-06
    0.00000000000000     0.00000000000000     0.00000000000000       1.73571793E-03 -1.68716388E-03  1.68318721E-03
    0.00000000000000     0.00000000000000     0.00000000000000       1.70156312E-03 -1.66141825E-03  1.74586231E-03
    0.00000000000000     0.00000000000000     0.00000000000000       1.69783740E-03 -1.73069833E-03  1.68082694E-03
    0.00000000000000     0.00000000000000     0.00000000000000       1.69914084E-03 -1.70092126E-03  1.69993354E-03
    0.00000000000000     0.00000000000000     0.00000000000000       1.67244675E-03 -1.72571177E-03  1.72974495E-03
    0.00000000000000     0.00000000000000     0.00000000000000       1.69585269E-03 -1.72154573E-03  1.70163789E-03
    0.00000000000000     0.00000000000000     0.00000000000000       1.71255222E-03 -1.70899254E-03  1.72448947E-03
    0.00000000000000     0.00000000000000     0.00000000000000       1.72100789E-03 -1.72529101E-03  1.72383457E-03
    0.00000000000000     0.00000000000000     0.00000000000000      -1.57955165E-03  1.84556510E-03  1.67730566E-03
    0.00000000000000     0.00000000000000     0.00000000000000      -1.70148865E-03  1.69764702E-03  1.69346127E-03
    0.00000000000000     0.00000000000000     0.00000000000000      -1.66305827E-03  1.70935607E-03  1.70143214E-03
    0.00000000000000     0.00000000000000     0.00000000000000      -1.70420767E-03  1.70655171E-03  1.70369389E-03
    0.00000000000000     0.00000000000000     0.00000000000000      -1.72678411E-03  1.70155675E-03  1.70535405E-03
    0.00000000000000     0.00000000000000     0.00000000000000      -1.70529145E-03  1.70543576E-03  1.70864625E-03
    0.00000000000000     0.00000000000000     0.00000000000000      -1.71394780E-03  1.69258048E-03  1.69352343E-03
    0.00000000000000     0.00000000000000     0.00000000000000      -1.70510831E-03  1.70323835E-03  1.70580060E-03
    0.00000000000000     0.00000000000000     0.00000000000000       1.65379062E-03  1.70120148E-03 -1.68424071E-03
    0.00000000000000     0.00000000000000     0.00000000000000       1.69192963E-03  1.71800866E-03 -1.72180494E-03
    0.00000000000000     0.00000000000000     0.00000000000000       1.70099240E-03  1.70175293E-03 -1.69938368E-03
    0.00000000000000     0.00000000000000     0.00000000000000       1.70375228E-03  1.70823882E-03 -1.70433720E-03
    0.00000000000000     0.00000000000000     0.00000000000000       1.83866221E-03  1.74141851E-03 -1.51201707E-03
    0.00000000000000     0.00000000000000     0.00000000000000       1.73964968E-03  1.73130789E-03 -1.72944677E-03
    0.00000000000000     0.00000000000000     0.00000000000000       1.70772938E-03  1.71049404E-03 -1.70487967E-03
    0.00000000000000     0.00000000000000     0.00000000000000       1.70367911E-03  1.69995136E-03 -1.70416058E-03
    0.00000000000000     0.00000000000000     0.00000000000000      -1.65258745E-03 -1.68471277E-03 -1.67367108E-03
    0.00000000000000     0.00000000000000     0.00000000000000      -1.71144047E-03 -1.71205481E-03 -1.68975627E-03
    0.00000000000000     0.00000000000000     0.00000000000000      -1.71261075E-03 -1.68265923E-03 -1.70976858E-03
    0.00000000000000     0.00000000000000     0.00000000000000      -1.70487069E-03 -1.70520075E-03 -1.70580697E-03
    0.00000000000000     0.00000000000000     0.00000000000000      -1.12201005E-03 -1.87682237E-03 -1.87408539E-03
    0.00000000000000     0.00000000000000     0.00000000000000      -1.69738506E-03 -1.69595672E-03 -1.71972315E-03
    0.00000000000000     0.00000000000000     0.00000000000000      -1.70512468E-03 -1.72822780E-03 -1.70141794E-03
    0.00000000000000     0.00000000000000     0.00000000000000      -1.70498457E-03 -1.70595911E-03 -1.70380980E-03
    0.00000000000000     0.00000000000000     0.00000000000000       2.30367119E-03  1.51576293E-03  1.52342548E-03
    0.00000000000000     0.00000000000000     0.00000000000000       1.71148770E-03  1.71189267E-03  1.68908876E-03
    0.00000000000000     0.00000000000000     0.00000000000000       1.70668095E-03  1.68235177E-03  1.70982349E-03
    0.00000000000000     0.00000000000000     0.00000000000000       1.70442588E-03  1.70336585E-03  1.70586507E-03
    0.00000000000000     0.00000000000000     0.00000000000000       1.74214064E-03  1.71422353E-03  1.72770532E-03
    0.00000000000000     0.00000000000000     0.00000000000000       1.69706514E-03  1.69710802E-03  1.71810356E-03
    0.00000000000000     0.00000000000000     0.00000000000000       1.69538976E-03  1.72546850E-03  1.70187986E-03
    0.00000000000000     0.00000000000000     0.00000000000000       1.70635959E-03  1.70361086E-03  1.70342439E-03
    0.00000000000000     0.00000000000000     0.00000000000000      -1.57155137E-03 -1.66858426E-03  1.89633698E-03
    0.00000000000000     0.00000000000000     0.00000000000000      -1.66957545E-03 -1.67980010E-03  1.67829860E-03
    0.00000000000000     0.00000000000000     0.00000000000000      -1.69809676E-03 -1.69766571E-03  1.69969490E-03
    0.00000000000000     0.00000000000000     0.00000000000000      -1.70404641E-03 -1.70807640E-03  1.70611559E-03
    0.00000000000000     0.00000000000000     0.00000000000000      -1.75828524E-03 -1.70712664E-03  1.72226279E-03
    0.00000000000000     0.00000000000000     0.00000000000000      -1.71669290E-03 -1.69148308E-03  1.68861728E-03
    0.00000000000000     0.00000000000000     0.00000000000000      -1.70563542E-03 -1.70494487E-03  1.70183364E-03
    0.00000000000000     0.00000000000000     0.00000000000000      -1.70287670E-03 -1.69905825E-03  1.70527175E-03
    0.00000000000000     0.00000000000000     0.00000000000000       1.67870777E-03 -1.70730007E-03 -1.70494719E-03
    0.00000000000000     0.00000000000000     0.00000000000000       1.70332529E-03 -1.70275253E-03 -1.70105282E-03
    0.00000000000000     0.00000000000000     0.00000000000000       1.69294894E-03 -1.71311657E-03 -1.71540352E-03
    0.00000000000000     0.00000000000000     0.00000000000000       1.70459134E-03 -1.70668820E-03 -1.70329486E-03
    0.00000000000000     0.00000000000000     0.00000000000000       1.83459411E-03 -1.56835001E-03 -1.73506418E-03
    0.00000000000000     0.00000000000000     0.00000000000000       1.70763318E-03 -1.71183805E-03 -1.71624708E-03
    0.00000000000000     0.00000000000000     0.00000000000000       1.74878388E-03 -1.69361065E-03 -1.71119358E-03
    0.00000000000000     0.00000000000000     0.00000000000000       1.70402279E-03 -1.70240262E-03 -1.70559543E-03
    0.00000000000000     0.00000000000000     0.00000000000000      -1.73372655E-03  1.68208938E-03 -1.67504377E-03
    0.00000000000000     0.00000000000000     0.00000000000000      -1.71360354E-03  1.68690409E-03 -1.71095740E-03
    0.00000000000000     0.00000000000000     0.00000000000000      -1.69995759E-03  1.70180393E-03 -1.67992543E-03
    0.00000000000000     0.00000000000000     0.00000000000000      -1.68900501E-03  1.68520148E-03 -1.68803902E-03
    0.00000000000000     0.00000000000000     0.00000000000000      -1.67568448E-03  1.72598301E-03 -1.72642927E-03
    0.00000000000000     0.00000000000000     0.00000000000000      -1.70990796E-03  1.75123196E-03 -1.66443111E-03
    0.00000000000000     0.00000000000000     0.00000000000000      -1.71178227E-03  1.67794101E-03 -1.72431010E-03
    0.00000000000000     0.00000000000000     0.00000000000000      -1.70971830E-03  1.70784573E-03 -1.71095987E-03
# Filename: XFSET.harm2, Snapshot: 1
    0.00000000000000     0.00000000000000     0.00000000000000       2.95466385E-05  2.18425674E-05 -1.99646386E-05
    0.00000000000000     0.00000000000000     0.00000000000000      -3.96412436E-06  2.31089033E-05  2.23508803E-05
    0.00000000000000     0.00000000000000     0.00000000000000      -5.29799012E-06 -2.58081180E-05 -4.47533417E-05
    0.00000000000000     0.00000000000000     0.00000000000000      -5.86863604E-06 -2.14717875E-05  1.76562214E-05
    0.00000000000000     0.00000000000000     0.00000000000000      -3.13894856E-05 -4.36619161E-05  2.60520054E-05
    0.00000000000000     0.00000000000000     0.00000000000000      -8.21996017E-06  4.80731144E-06  1.29179142E-08
    0.00000000000000     0.00000000000000     0.00000000000000       4.18914249E-06  2.96957174E-06 -4.84021974E-06
    0.00000000000000     0.00000000000000     0.00000000000000       1.76227879E-05 -1.89277372E-05  2.04731825E-05
    0.00000000000000     0.00000000000000     0.00000000000000       4.22193477E-06 -3.94001363E-06 -2.83758761E-06
    0.00000000000000     0.00000000000000     0.00000000000000       1.25268650E-04  1.78931793E-04  3.59938956E-05
    0.00000000000000     0.00000000000000     0.00000000000000       1.20310018E-06  5.41981436E-06  1.34843781E-05
    0.00000000000000     0.00000000000000     0.00000000000000       4.34295023E-05 -2.54373336E-05  2.37828105E-05
    0.00000000000000     0.00000000000000     0.00000000000000      -1.13471176E-06 -1.68152937E-06 -4.09968322E-07
    0.00000000000000     0.00000000000000     0.00000000000000      -2.29549298E-05  1.57153557E-05  5.88535960E-06
    0.00000000000000     0.00000000000000     0.00000000000000       3.63028253E-07  1.25247170E-06  6.41029871E-06
    0.00000000000000     0.00000000000000     0.00000000000000      -1.32025928E-05 -1.52570166E-05 -4.69536071E-06
    0.00000000000000     0.00000000000000     0.00000000000000       1.33105210E-04 -2.78106981E-05 -1.80242692E-04
    0.00000000000000     0.00000000000000     0.00000000000000       3.62968667E-05 -8.38416551E-06  1.38305085E-05
    0.00000000000000     0.00000000000000     0.00000000000000       3.70090771E-06 -1.47804874E-06  7.58539197E-06
    0.00000000000000     0.00000000000000     0.00000000000000       5.50584776E-08 -9.86638184E-06 -8.42893844E-06
    0.00000000000000     0.00000000000000     0.00000000000000      -5.22476834E-05 -1.02661716E-05 -2.15569470E-05
    0.00000000000000     0.00000000000000     0.00000000000000      -1.29030403E-05 -9.56496157E-07  2.10493495E-05
    0.00000000000000     0.00000000000000     0.00000000000000      -2.77850389E-06  4.68647936E-06 -1.52221296E-06
    0.00000000000000     0.00000000000000     0.00000000000000       1.47049150E-06  3.90638993E-08 -2.23268013E-06
    0.00000000000000     0.00000000000000     0.00000000000000       6.39285862E-06 -2.63128811E-06  4.59658598E-06
    0.00000000000000     0.00000000000000     0.00000000000000       5.87551726E-04  1.88305535E-04 -1.38233545E-04
    0.00000000000000     0.00000000000000     0.00000000000000      -1.02118987E-06  8.68475039E-07  3.69109136E-08
    0.00000000000000     0.00000000000000     0.00000000000000       3.21534265E-06  1.68155111E-05  5.83272125E-06
    0.00000000000000     0.00000000000000     0.00000000000000      -7.88321486E-06  1.22030595E-06  9.90411455E-06
    0.00000000000000     0.00000000000000     0.00000000000000       4.57912665E-05 -2.28284764E-05 -8.82978601E-06
    0.00000000000000     0.00000000000000     0.00000000000000      -1.20085437E-06  1.30576998E-06  3.03517102E-06
    0.00000000000000     0.00000000000000     0.00000000000000      -1.04550978E-05 -1.65312355E-05 -2.94332218E-06
    0.01889726124994     0.00000000000000     0.00000000000000      -1.13587291E-03 -1.40272802E-03  1.40936489E-03
    0.00000000000000     0.00000000000000     0.00000000000000       1.69836133E-03 -1.71260090E-03  1.70364318E-03
    0.00000000000000     0.00000000000000     0.00000000000000       1.70029620E-03 -1.71396389E-03  1.71166722E-03
    0.00000000000000     0.00000000000000     0.00000000000000       1.69975185E-03 -1.70449122E-03  1.70583870E-03
    0.00000000000000     0.00000000000000     0.00000000000000       1.69720916E-03 -1.70263590E-03  1.71260119E-03
    0.00000000000000     0.00000000000000     0.00000000000000       1.72317329E-03 -1.70500355E-03  1.68799237E-03
    0.00000000000000     0.00000000000000     0.00000000000000       1.72550183E-03 -1.69043349E-03  1.70315924E-03
    0.00000000000000     0.00000000000000     0.00000000000000       1.70299421E-03 -1.70140085E-03  1.70148937E-03
    0.00000000000000     0.00000000000000     0.00000000000000      -1.70302797E-03  1.68934043E-03  1.70580538E-03
    0.00000000000000     0.00000000000000     0.00000000000000      -1.70403119E-03  1.68001266E-03  1.69154103E-03
    0.00000000000000     0.00000000000000     0.00000000000000      -1.76962294E-03  1.67922938E-03  1.69069748E-03
    0.00000000000000     0.00000000000000     0.00000000000000      -1.76868274E-03  1.79210752E-03  1.43484305E-03
    0.00000000000000     0.00000000000000     0.00000000000000      -1.69720481E-03  1.72028793E-03  1.70314374E-03
    0.00000000000000     0.00000000000000     0.00000000000000      -1.69803996E-03  1.70652157E-03  1.71197961E-03
    0.00000000000000     0.00000000000000     0.00000000000000      -1.69239473E-03  1.70468813E-03  1.69004199E-03
    0.00000000000000     0.00000000000000     0.00000000000000      -1.69618898E-03  1.72325558E-03  1.69402504E-03
    0.00000000000000     0.00000000000000     0.00000000000000       1.69869849E-03  1.70564977E-03 -1.71650455E-03
    0.00000000000000     0.00000000000000     0.00000000000000       1.84429527E-03  1.69086063E-03 -1.65822645E-03
    0.00000000000000     0.00000000000000     0.00000000000000       1.70503181E-03  1.69923995E-03 -1.70744598E-03
    0.00000000000000     0.00000000000000     0.00000000000000       1.68592507E-03  1.68982683E-03 -1.70824462E-03
    0.00000000000000     0.00000000000000     0.00000000000000       1.69784595E-03  1.69058417E-03 -1.69202671E-03
    0.00000000000000     0.00000000000000     0.00000000000000       1.83980801E-03  1.43700859E-03 -1.80783627E-03
    0.00000000000000     0.00000000000000     0.00000000000000       1.70569816E-03  1.71216420E-03 -1.68464525E-03
    0.00000000000000     0.00000000000000     0.00000000000000       1.68754393E-03  1.69337361E-03 -1.69431279E-03
    0.00000000000000     0.00000000000000     0.00000000000000      -1.69796983E-03 -1.65640213E-03 -1.79140610E-03
    0.00000000000000     0.00000000000000     0.00000000000000      -1.70820144E-03 -1.70762245E-03 -1.72342018E-03
    0.00000000000000     0.00000000000000     0.00000000000000      -1.69787087E-03 -1.80635187E-03 -1.68060845E-03
    0.00000000000000     0.00000000000000     0.00000000000000      -1.70925610E-03 -1.69239589E-03 -1.70750162E-03
    0.00000000000000     0.00000000000000     0.00000000000000      -1.68575801E-03 -1.71764020E-03 -1.67858896E-03
    0.00000000000000     0.00000000000000     0.00000000000000      -1.68645392E-03 -1.71084830E-03 -1.70800221E-03
    0.00000000000000     0.00000000000000     0.00000000000000      -1.68996172E-03 -1.69907999E-03 -1.69273986E-03
    0.00000000000000     0.00000000000000     0.00000000000000      -1.68683542E-03 -1.68774055E-03 -1.72070290E-03
    0.00000000000000     0.00000000000000     0.00000000000000       1.64385199E-03  1.77488971E-03  1.69044479E-03
    0.00000000000000     0.00000000000000     0.00000000000000       1.64694772E-03  1.67364645E-03  1.80465331E-03
    0.00000000000000     0.00000000000000     0.00000000000000       1.68551749E-03  1.72240957E-03  1.70805278E-03
    0.00000000000000     0.00000000000000     0.00000000000000       1.68626237E-03  1.71996830E-03  1.68634032E-03
    0.00000000000000     0.00000000000000     0.00000000000000       1.72862074E-03  1.69579126E-03  1.70695103E-03
    0.00000000000000     0.00000000000000     0.00000000000000       1.73077179E-03  1.69373989E-03  1.69158841E-03
    0.00000000000000     0.00000000000000     0.00000000000000       1.71947857E-03  1.70502572E-03  1.70971989E-03
    0.00000000000000     0.00000000000000     0.00000000000000       1.71985703E-03  1.70717518E-03  1.68620992E-03
    0.00000000000000     0.00000000000000     0.00000000000000      -1.71647137E-03 -1.83066801E-03  1.67097988E-03
    0.00000000000000     0.00000000000000     0.00000000000000      -1.71174228E-03 -1.70952197E-03  1.69210451E-03
    0.00000000000000     0.00000000000000     0.00000000000000      -1.71419064E-03 -1.28938826E-03  1.77333315E-03
    0.00000000000000     0.00000000000000     0.00000000000000      -1.71144148E-03 -1.69830699E-03  1.69645949E-03
    0.00000000000000     0.00000000000000     0.00000000000000      -1.68524321E-03 -1.69298748E-03  1.71809646E-03
    0.00000000000000     0.00000000000000     0.00000000000000      -1.70132840E-03 -1.70377416E-03  1.70697943E-03
    0.00000000000000     0.00000000000000     0.00000000000000      -1.68587349E-03 -1.69275551E-03  1.72011030E-03
    0.00000000000000     0.00000000000000     0.00000000000000      -1.70062365E-03 -1.71174807E-03  1.70388167E-03
    0.00000000000000     0.00000000000000     0.00000000000000       2.13479959E-03 -1.69012675E-03 -1.84338449E-03
    0.00000000000000     0.00000000000000     0.00000000000000       1.69259758E-03 -1.70725182E-03 -1.69487149E-03
    0.00000000000000     0.00000000000000     0.00000000000000       1.70413580E-03 -1.70515062E-03 -1.71066226E-03
    0.00000000000000     0.00000000000000     0.00000000000000       1.70456758E-03 -1.70709013E-03 -1.70389673E-03
    0.00000000000000     0.00000000000000     0.00000000000000       2.11299151E-03 -1.80119535E-03 -1.29168333E-03
    0.00000000000000     0.00000000000000     0.00000000000000       1.69347532E-03 -1.68728429E-03 -1.69420630E-03
    0.00000000000000     0.00000000000000     0.00000000000000       1.70177959E-03 -1.69266770E-03 -1.69774612E-03
    0.00000000000000     0.00000000000000     0.00000000000000       1.70370664E-03 -1.68586827E-03 -1.71297443E-03
    0.00000000000000     0.00000000000000     0.00000000000000      -1.70052455E-03  1.70839124E-03 -1.69981777E-03
    0.00000000000000     0.00000000000000     0.00000000000000      -1.68376388E-03  1.78769183E-03 -1.67684071E-03
    0.00000000000000     0.00000000000000     0.00000000000000      -1.69622549E-03  1.67269263E-03 -1.77395850E-03
    0.00000000000000     0.00000000000000     0.00000000000000      -1.01208783E-03  1.05759642E-03 -1.05885421E-03
    0.00000000000000     0.00000000000000     0.00000000000000      -1.69464778E-03  1.69547163E-03 -1.69229533E-03
    0.00000000000000     0.00000000000000     0.00000000000000      -1.70493734E-03  1.69853172E-03 -1.71253541E-03
    0.00000000000000     0.00000000000000     0.00000000000000      -1.69082006E-03  1.70216804E-03 -1.69436901E-03
    0.00000000000000     0.00000000000000     0.00000000000000      -1.44711211E-03  1.77742950E-03 -1.78991662E-03
# Filename: XFSET.harm3, Snapshot: 1
    0.00000000000000     0.00000000000000     0.00000000000000      -2.95169087E-05 -2.42188116E-05  2.00914180E-05
    0.00000000000000     0.00000000000000     0.00000000000000       2.04727206E-06 -2.29304749E-05 -2.29404882E-05
    0.00000000000000     0.00000000000000     0.00000000000000       8.09777370E-06  2.84544386E-05  4.44575473E-05
    0.00000000000000     0.00000000000000     0.00000000000000       5.35094372E-06  2.12793862E-05 -1.64070301E-05
    0.00000000000000     0.00000000000000     0.00000000000000       3.08407255E-05  4.21402012E-05 -2.64069876E-05
    0.00000000000000     0.00000000000000     0.00000000000000       7.97112732E-06 -6.05376111E-06 -2.93363205E-06
    0.00000000000000     0.00000000000000     0.00000000000000      -4.39512532E-06 -3.81725496E-06  2.14134011E-06
    0.00000000000000     0.00000000000000     0.00000000000000      -1.75246154E-05  1.84144437E-05 -1.98803304E-05
    0.00000000000000     0.00000000000000     0.00000000000000      -1.88459373E-06  5.57510553E-06  3.25206084E-06
    0.00000000000000     0.00000000000000     0.00000000000000      -1.28714948E-04 -1.74832002E-04 -3.80172811E-05
    0.00000000000000     0.00000000000000     0.00000000000000       1.31654962E-06 -5.93078284E-06 -1.14114004E-05
    0.00000000000000     0.00000000000000     0.00000000000000      -4.42246626E-05  2.53870837E-05 -2.52747911E-05
    0.00000000000000     0.00000000000000     0.00000000000000       1.16434191E-06  2.44995736E-06  1.59849114E-06
    0.00000000000000     0.00000000000000     0.00000000000000       2.39588776E-05 -1.32148315E-05 -6.26878575E-06
    0.00000000000000     0.00000000000000     0.00000000000000       9.61232273E-07 -1.31323751E-06 -2.96141485E-06
    0.00000000000000     0.00000000000000     0.00000000000000       1.18816647E-05  1.45093917E-05  3.04879981E-06
    0.00000000000000     0.00000000000000     0.00000000000000      -1.34798403E-04  2.92757788E-05  1.79104576E-04
    0.00000000000000     0.00000000000000     0.00000000000000      -3.38261899E-05  4.80056043E-06 -1.43618228E-05
    0.00000000000000     0.00000000000000     0.00000000000000      -4.69869772E-06  8.95042961E-07 -8.58368910E-06
    0.00000000000000     0.00000000000000     0.00000000000000       1.94878032E-07  1.06459868E-05  7.53783894E-06
    0.00000000000000     0.00000000000000     0.00000000000000       5.32567161E-05  1.12523862E-05  2.16574016E-05
    0.00000000000000     0.00000000000000     0.00000000000000       1.17759534E-05  4.66233468E-07 -1.98275086E-05
    0.00000000000000     0.00000000000000     0.00000000000000       1.10960038E-06 -4.06265685E-06  6.10415592E-07
    0.00000000000000     0.00000000000000     0.00000000000000      -6.37344893E-07 -1.05917388E-06  3.98766457E-07
    0.00000000000000     0.00000000000000     0.00000000000000      -7.80439657E-06  2.86941603E-06 -3.68616507E-06
    0.00000000000000     0.00000000000000     0.00000000000000      -5.93147841E-04 -1.91407972E-04  1.37739033E-04
    0.00000000000000     0.00000000000000     0.00000000000000      -3.62444162E-07 -1.56974617E-06  2.94139050E-06
    0.00000000000000     0.00000000000000     0.00000000000000      -1.29170086E-06 -1.97224538E-05 -8.45357723E-06
    0.00000000000000     0.00000000000000     0.00000000000000       7.44202259E-06 -1.26888057E-06 -8.18987610E-06
    0.00000000000000     0.00000000000000     0.00000000000000      -4.34242953E-05  2.44898659E-05  8.48114269E-06
    0.00000000000000     0.00000000000000     0.00000000000000      -2.01796565E-06 -3.10191740E-07 -1.58003342E-07
    0.00000000000000     0.00000000000000     0.00000000000000       9.40384308E-06  1.58948029E-05  1.18801584E-06
   -0.01889726124994     0.00000000000000     0.00000000000000       4.54342093E-03 -1.97601717E-03  1.98265216E-03
    0.00000000000000     0.00000000000000     0.00000000000000       1.71053708E-03 -1.69736405E-03  1.70561340E-03
    0.00000000000000     0.00000000000000     0.00000000000000       1.70891488E-03 -1.69550206E-03  1.69642878E-03
    0.00000000000000     0.00000000000000     0.00000000000000       1.70987522E-03 -1.70441631E-03  1.70521118E-03
    0.00000000000000     0.00000000000000     0.00000000000000       1.70845934E-03 -1.70457902E-03  1.69413588E-03
    0.00000000000000     0.00000000000000     0.00000000000000       1.68513802E-03 -1.70439168E-03  1.72237088E-03
    0.00000000000000     0.00000000000000     0.00000000000000       1.69070067E-03 -1.72481287E-03  1.70310085E-03
    0.00000000000000     0.00000000000000     0.00000000000000       1.70301870E-03 -1.70808495E-03  1.70814406E-03
    0.00000000000000     0.00000000000000     0.00000000000000      -1.70420564E-03  1.71754602E-03  1.70340324E-03
    0.00000000000000     0.00000000000000     0.00000000000000      -1.70521741E-03  1.72956905E-03  1.71684069E-03
    0.00000000000000     0.00000000000000     0.00000000000000      -1.64152301E-03  1.72886431E-03  1.72291625E-03
    0.00000000000000     0.00000000000000     0.00000000000000      -1.64066265E-03  1.61668411E-03  1.97937980E-03
    0.00000000000000     0.00000000000000     0.00000000000000      -1.70915772E-03  1.68987667E-03  1.70990608E-03
    0.00000000000000     0.00000000000000     0.00000000000000      -1.70996824E-03  1.70122814E-03  1.69639777E-03
    0.00000000000000     0.00000000000000     0.00000000000000      -1.71015485E-03  1.69832902E-03  1.71660249E-03
    0.00000000000000     0.00000000000000     0.00000000000000      -1.71393984E-03  1.68653404E-03  1.71551929E-03
    0.00000000000000     0.00000000000000     0.00000000000000       1.71105260E-03  1.70320879E-03 -1.68685208E-03
    0.00000000000000     0.00000000000000     0.00000000000000       1.56934077E-03  1.72283410E-03 -1.74930665E-03
    0.00000000000000     0.00000000000000     0.00000000000000       1.70071986E-03  1.70599185E-03 -1.69368121E-03
    0.00000000000000     0.00000000000000     0.00000000000000       1.71958666E-03  1.71638356E-03 -1.70171352E-03
    0.00000000000000     0.00000000000000     0.00000000000000       1.71020991E-03  1.71588152E-03 -1.70907325E-03
    0.00000000000000     0.00000000000000     0.00000000000000       1.56517531E-03  1.98165458E-03 -1.60401356E-03
    0.00000000000000     0.00000000000000     0.00000000000000       1.70141736E-03  1.69662568E-03 -1.71929992E-03
    0.00000000000000     0.00000000000000     0.00000000000000       1.72119930E-03  1.71490263E-03 -1.71751762E-03
    0.00000000000000     0.00000000000000     0.00000000000000      -1.70697334E-03 -1.74748856E-03 -1.61582867E-03
    0.00000000000000     0.00000000000000     0.00000000000000      -1.69964129E-03 -1.70110643E-03 -1.68671878E-03
    0.00000000000000     0.00000000000000     0.00000000000000      -1.70686439E-03 -1.60230211E-03 -1.73015615E-03
    0.00000000000000     0.00000000000000     0.00000000000000      -1.70069755E-03 -1.71562810E-03 -1.70113323E-03
    0.00000000000000     0.00000000000000     0.00000000000000      -1.72235755E-03 -1.68803917E-03 -1.72815086E-03
    0.00000000000000     0.00000000000000     0.00000000000000      -1.72216166E-03 -1.69708600E-03 -1.70272254E-03
    0.00000000000000     0.00000000000000     0.00000000000000      -1.72660082E-03 -1.71615768E-03 -1.72096631E-03
    0.00000000000000     0.00000000000000     0.00000000000000      -1.72254084E-03 -1.72237842E-03 -1.69033062E-03
    0.00000000000000     0.00000000000000     0.00000000000000       1.76102599E-03  1.63435194E-03  1.71643732E-03
    0.00000000000000     0.00000000000000     0.00000000000000       1.76407768E-03  1.73959462E-03  1.61016953E-03
    0.00000000000000     0.00000000000000     0.00000000000000       1.72303651E-03  1.68423810E-03  1.70177669E-03
    0.00000000000000     0.00000000000000     0.00000000000000       1.72378415E-03  1.68874508E-03  1.72110917E-03
    0.00000000000000     0.00000000000000     0.00000000000000       1.67553379E-03  1.71252020E-03  1.70480303E-03
    0.00000000000000     0.00000000000000     0.00000000000000       1.67771353E-03  1.71645920E-03  1.71610059E-03
    0.00000000000000     0.00000000000000     0.00000000000000       1.69128892E-03  1.70582059E-03  1.70555226E-03
    0.00000000000000     0.00000000000000     0.00000000000000       1.69162623E-03  1.70236408E-03  1.72322487E-03
    0.00000000000000     0.00000000000000     0.00000000000000      -1.69868864E-03 -1.56554116E-03  1.73688009E-03
    0.00000000000000     0.00000000000000     0.00000000000000      -1.69660018E-03 -1.69821876E-03  1.71478151E-03
    0.00000000000000     0.00000000000000     0.00000000000000      -1.69645761E-03 -2.13500650E-03  1.63284609E-03
    0.00000000000000     0.00000000000000     0.00000000000000      -1.69634358E-03 -1.71082889E-03  1.71317481E-03
    0.00000000000000     0.00000000000000     0.00000000000000      -1.72176031E-03 -1.71380320E-03  1.68683976E-03
    0.00000000000000     0.00000000000000     0.00000000000000      -1.70795324E-03 -1.70349249E-03  1.70216181E-03
    0.00000000000000     0.00000000000000     0.00000000000000      -1.72243000E-03 -1.71385189E-03  1.68194956E-03
    0.00000000000000     0.00000000000000     0.00000000000000      -1.70726443E-03 -1.69593151E-03  1.70462090E-03
    0.00000000000000     0.00000000000000     0.00000000000000       1.29330046E-03 -1.71617420E-03 -1.57807160E-03
    0.00000000000000     0.00000000000000     0.00000000000000       1.71562549E-03 -1.70094154E-03 -1.71566896E-03
    0.00000000000000     0.00000000000000     0.00000000000000       1.70744728E-03 -1.70301623E-03 -1.69935383E-03
    0.00000000000000     0.00000000000000     0.00000000000000       1.70523639E-03 -1.70289206E-03 -1.70360681E-03
    0.00000000000000     0.00000000000000     0.00000000000000       1.27172072E-03 -1.60676691E-03 -2.13732431E-03
    0.00000000000000     0.00000000000000     0.00000000000000       1.71648600E-03 -1.72205227E-03 -1.71537020E-03
    0.00000000000000     0.00000000000000     0.00000000000000       1.70511889E-03 -1.71717858E-03 -1.71025512E-03
    0.00000000000000     0.00000000000000     0.00000000000000       1.70436096E-03 -1.72286206E-03 -1.69715961E-03
    0.00000000000000     0.00000000000000     0.00000000000000      -1.70485098E-03  1.70094473E-03 -1.70406756E-03
    0.00000000000000     0.00000000000000     0.00000000000000      -1.72804596E-03  1.61946065E-03 -1.73886061E-03
    0.00000000000000     0.00000000000000     0.00000000000000      -1.71263785E-03  1.73472542E-03 -1.62793081E-03
    0.00000000000000     0.00000000000000     0.00000000000000      -2.37258817E-03  2.31744262E-03 -2.31874692E-03
    0.00000000000000     0.00000000000000     0.00000000000000      -1.71317612E-03  1.71233488E-03 -1.70917221E-03
    0.00000000000000     0.00000000000000     0.00000000000000      -1.70895328E-03  1.71373641E-03 -1.70510483E-03
    0.00000000000000     0.00000000000000     0.00000000000000      -1.71958318E-03  1.70646536E-03 -1.70959369E-03
    0.00000000000000     0.00000000000000     0.00000000000000      -1.96465137E-03  1.63150310E-03 -1.62177223E-03
