# Filename: XFSET.harm1, Snapshot: 1
    0.01889726124994     0.00000000000000     0.00000000000000      -3.39060885E-03 -2.32040241E-08 -1.19942697E-06
    0.00000000000000     0.00000000000000     0.00000000000000       7.03961802E-06 -1.15746752E-06  2.29733309E-07
    0.00000000000000     0.00000000000000     0.00000000000000      -9.44699516E-05  9.17775649E-05  9.22489578E-05
    0.00000000000000     0.00000000000000     0.00000000000000      -9.24441619E-05 -9.01824176E-05  9.02572355E-05
    0.00000000000000     0.00000000000000     0.00000000000000       6.73869695E-06  5.16757318E-07 -1.58844387E-06
    0.00000000000000     0.00000000000000     0.00000000000000      -6.48702232E-06 -3.86568469E-07 -6.01296532E-08
    0.00000000000000     0.00000000000000     0.00000000000000      -9.00109213E-05  9.01545804E-05 -8.95628286E-05
    0.00000000000000     0.00000000000000     0.00000000000000      -9.38569008E-05 -9.14754858E-05 -9.15841539E-05
    0.00000000000000     0.00000000000000     0.00000000000000       6.77610045E-04  6.72855600E-04  6.73888816E-04
    0.00000000000000     0.00000000000000     0.00000000000000       2.93956306E-05 -3.35818996E-05  8.86402210E-06
    0.00000000000000     0.00000000000000     0.00000000000000      -1.28896175E-05 -1.45462075E-05 -1.40001653E-05
    0.00000000000000     0.00000000000000     0.00000000000000       2.90452916E-05 -6.96448312E-06  3.25329451E-05
    0.00000000000000     0.00000000000000     0.00000000000000       2.90679331E-05  7.43876481E-06 -3.30793914E-05
    0.00000000000000     0.00000000000000     0.00000000000000      -1.29075183E-05  1.54903597E-05  1.59216043E-05
    0.00000000000000     0.00000000000000     0.00000000000000       2.94435374E-05  3.34584527E-05 -7.61419806E-06
    0.00000000000000     0.00000000000000     0.00000000000000       6.78145199E-04 -6.73945323E-04 -6.74753814E-04
    0.00000000000000     0.00000000000000     0.00000000000000       1.52320655E-04 -9.34973364E-05  1.52130576E-04
    0.00000000000000     0.00000000000000     0.00000000000000       1.52412063E-04  9.13625164E-05 -1.50820275E-04
    0.00000000000000     0.00000000000000     0.00000000000000       1.52305659E-04  1.51913457E-04 -9.35044089E-05
    0.00000000000000     0.00000000000000     0.00000000000000      -1.19043469E-06 -6.12887790E-07 -1.19067835E-06
    0.00000000000000     0.00000000000000     0.00000000000000      -2.48692261E-06 -2.24337261E-07 -6.18828310E-07
    0.00000000000000     0.00000000000000     0.00000000000000      -1.90256018E-06  9.17298121E-07  1.60259449E-06
    0.00000000000000     0.00000000000000     0.00000000000000       1.51846645E-04 -1.51411375E-04  9.02450194E-05
    0.00000000000000     0.00000000000000     0.00000000000000      -1.79077698E-06  1.82429881E-06  1.35057291E-06
    0.00000000000000     0.00000000000000     0.00000000000000      -1.90469143E-05 -1.48410749E-05 -2.47630212E-05
    0.00000000000000     0.00000000000000     0.00000000000000      -4.72771526E-05 -8.99874671E-06  7.06026495E-06
    0.00000000000000     0.00000000000000     0.00000000000000      -1.88421453E-05 -2.53374156E-05 -1.52036651E-05
    0.00000000000000     0.00000000000000     0.00000000000000       1.35840154E-06  2.01178176E-06 -2.15215258E-06
    0.00000000000000     0.00000000000000     0.00000000000000       2.23414828E-06 -2.04701737E-06  2.66274412E-06
    0.00000000000000     0.00000000000000     0.00000000000000      -1.85689515E-05  2.60915741E-05  1.38267492E-05
    0.00000000000000     0.00000000000000     0.00000000000000      -4.70575390E-05  9.42957477E-06 -8.18098796E-06
    0.00000000000000     0.00000000000000     0.00000000000000      -1.88561872E-05  1.49582949E-05  2.58173276E-05
    0.00000000000000     0.00000000000000     0.00000000000000      -1.43210722E-05 -4.92809597E-07 -6.51682283E-07
    0.00000000000000     0.00000000000000     0.00000000000000       1.01780067E-05 -2.69740130E-07  9.36999298E-07
    0.00000000000000     0.00000000000000     0.00000000000000       1.70256117E-06  1.27071661E-06  2.20133392E-06
    0.00000000000000     0.00000000000000     0.00000000000000       1.16681213E-06 -2.08271369E-06  2.26250272E-06
    0.00000000000000     0.00000000000000     0.00000000000000       1.10824192E-05  4.84958331E-07 -1.47748247E-06
    0.00000000000000     0.00000000000000     0.00000000000000      -2.31028270E-07  8.87238388E-07  2.67106062E-07
    0.00000000000000     0.00000000000000     0.00000000000000       6.75176938E-07  1.36108088E-06 -8.41167664E-07
    0.00000000000000     0.00000000000000     0.00000000000000       8.61390108E-07 -2.29905367E-06 -1.87492228E-06
    0.00000000000000     0.00000000000000     0.00000000000000      -4.82971018E-05  7.95799999E-06  8.67311724E-06
    0.00000000000000     0.00000000000000     0.00000000000000      -1.87021401E-05  1.49402413E-05 -2.40149073E-05
    0.00000000000000     0.00000000000000     0.00000000000000       9.99293257E-07 -8.76943223E-07 -2.02082498E-06
    0.00000000000000     0.00000000000000     0.00000000000000      -1.86107683E-05  2.54161479E-05 -1.65536143E-05
    0.00000000000000     0.00000000000000     0.00000000000000      -1.81364323E-05 -2.58967821E-05  1.63864681E-05
    0.00000000000000     0.00000000000000     0.00000000000000       1.39708623E-06  2.41446479E-06  2.08989937E-06
    0.00000000000000     0.00000000000000     0.00000000000000      -1.83078064E-05 -1.60105310E-05  2.52606801E-05
    0.00000000000000     0.00000000000000     0.00000000000000      -4.77430533E-05 -7.74885022E-06 -9.50347697E-06
    0.00000000000000     0.00000000000000     0.00000000000000       1.46998927E-04 -9.03051581E-05 -1.46751127E-04
    0.00000000000000     0.00000000000000     0.00000000000000       1.47475762E-04  8.96041225E-05  1.47469278E-04
    0.00000000000000     0.00000000000000     0.00000000000000       1.47958085E-04 -1.47352297E-04 -9.14891509E-05
    0.00000000000000     0.00000000000000     0.00000000000000      -3.15953849E-06  8.22073782E-07 -7.34107139E-07
    0.00000000000000     0.00000000000000     0.00000000000000      -3.57512105E-06 -2.20764884E-06 -2.00492548E-07
    0.00000000000000     0.00000000000000     0.00000000000000      -2.81560157E-06  2.07885598E-06 -4.91894974E-07
    0.00000000000000     0.00000000000000     0.00000000000000       1.48328046E-04  1.47089339E-04  8.85813388E-05
    0.00000000000000     0.00000000000000     0.00000000000000      -2.64470409E-06 -8.30589508E-07  2.64788404E-06
    0.00000000000000     0.00000000000000     0.00000000000000       3.00188419E-05  3.34426008E-05  8.20701508E-06
    0.00000000000000     0.00000000000000     0.00000000000000       6.78709186E-04 -6.63320196E-04  6.62785042E-04
    0.00000000000000     0.00000000000000     0.00000000000000       2.87634769E-05  9.66160256E-06  3.41098498E-05
    0.00000000000000     0.00000000000000     0.00000000000000      -1.19267971E-05  1.62253383E-05 -1.44825066E-05
    0.00000000000000     0.00000000000000     0.00000000000000      -1.30580779E-05 -1.56513356E-05  1.74013609E-05
    0.00000000000000     0.00000000000000     0.00000000000000       2.95569348E-05 -9.00449253E-06 -3.38871505E-05
    0.00000000000000     0.00000000000000     0.00000000000000       6.78579074E-04  6.63843469E-04 -6.64646236E-04
    0.00000000000000     0.00000000000000     0.00000000000000       2.88120130E-05 -3.41189824E-05 -8.42137979E-06
