&general
  PREFIX = sc222
  MODE = suggest
  NAT = 128; NKD = 2
  KD = Mn Si 
/

&interaction
  NORDER = 2  # 1: harmonic, 2: cubic, ..
/

&cell
     21.379158 # factor in Bohr unit
      1.000000 0.0   0.0   # a1
      0.000000     1.000000 0.0   # a2
      0.000000     0.000000     1.000000 # a3
/

&cutoff 
  *-* 12.0 12.0
/

&position
    1    0.12500000     0.37500001     0.37500001  
    1    0.12500000     0.37500001     0.87500001  
    1    0.12500000     0.87500001     0.37500001  
    1    0.12500000     0.87500001     0.87500001  
    1    0.62500001     0.37500001     0.37500001  
    1    0.62500001     0.37500001     0.87500001  
    1    0.62500001     0.87500001     0.37500001  
    1    0.62500001     0.87500001     0.87500001  
    1    0.12500000     0.12500000     0.37500001  
    1    0.12500000     0.12500000     0.87500001  
    1    0.12500000     0.62500001     0.37500001  
    1    0.12500000     0.62500001     0.87500001  
    1    0.62500001     0.12500000     0.37500001  
    1    0.62500001     0.12500000     0.87500001  
    1    0.62500001     0.62500001     0.37500001  
    1    0.62500001     0.62500001     0.87500001  
    1    0.25000000     0.00000000     0.00000000  
    1    0.25000000     0.00000000     0.50000001  
    1    0.25000000     0.50000001     0.00000000  
    1    0.25000000     0.50000001     0.50000001  
    1    0.75000001     0.00000000     0.00000000  
    1    0.75000001     0.00000000     0.50000001  
    1    0.75000001     0.50000001     0.00000000  
    1    0.75000001     0.50000001     0.50000001  
    1    0.12500000     0.12500000     0.12500000  
    1    0.12500000     0.12500000     0.62500001  
    1    0.12500000     0.62500001     0.12500000  
    1    0.12500000     0.62500001     0.62500001  
    1    0.62500001     0.12500000     0.12500000  
    1    0.62500001     0.12500000     0.62500001  
    1    0.62500001     0.62500001     0.12500000  
    1    0.62500001     0.62500001     0.62500001  
    1    0.12500000     0.37500001     0.12500000  
    1    0.12500000     0.37500001     0.62500001  
    1    0.12500000     0.87500001     0.12500000  
    1    0.12500000     0.87500001     0.62500001  
    1    0.62500001     0.37500001     0.12500000  
    1    0.62500001     0.37500001     0.62500001  
    1    0.62500001     0.87500001     0.12500000  
    1    0.62500001     0.87500001     0.62500001  
    1    0.25000000     0.25000000     0.25000000  
    1    0.25000000     0.25000000     0.75000001  
    1    0.25000000     0.75000001     0.25000000  
    1    0.25000000     0.75000001     0.75000001  
    1    0.75000001     0.25000000     0.25000000  
    1    0.75000001     0.25000000     0.75000001  
    1    0.75000001     0.75000001     0.25000000  
    1    0.75000001     0.75000001     0.75000001  
    1    0.37500001     0.37500001     0.12500000  
    1    0.37500001     0.37500001     0.62500001  
    1    0.37500001     0.87500001     0.12500000  
    1    0.37500001     0.87500001     0.62500001  
    1    0.87500001     0.37500001     0.12500000  
    1    0.87500001     0.37500001     0.62500001  
    1    0.87500001     0.87500001     0.12500000  
    1    0.87500001     0.87500001     0.62500001  
    1    0.37500001     0.12500000     0.12500000  
    1    0.37500001     0.12500000     0.62500001  
    1    0.37500001     0.62500001     0.12500000  
    1    0.37500001     0.62500001     0.62500001  
    1    0.87500001     0.12500000     0.12500000  
    1    0.87500001     0.12500000     0.62500001  
    1    0.87500001     0.62500001     0.12500000  
    1    0.87500001     0.62500001     0.62500001  
    1    0.00000000     0.00000000     0.25000000  
    1    0.00000000     0.00000000     0.75000001  
    1    0.00000000     0.50000001     0.25000000  
    1    0.00000000     0.50000001     0.75000001  
    1    0.50000001     0.00000000     0.25000000  
    1    0.50000001     0.00000000     0.75000001  
    1    0.50000001     0.50000001     0.25000000  
    1    0.50000001     0.50000001     0.75000001  
    1    0.37500001     0.12500000     0.37500001  
    1    0.37500001     0.12500000     0.87500001  
    1    0.37500001     0.62500001     0.37500001  
    1    0.37500001     0.62500001     0.87500001  
    1    0.87500001     0.12500000     0.37500001  
    1    0.87500001     0.12500000     0.87500001  
    1    0.87500001     0.62500001     0.37500001  
    1    0.87500001     0.62500001     0.87500001  
    1    0.37500001     0.37500001     0.37500001  
    1    0.37500001     0.37500001     0.87500001  
    1    0.37500001     0.87500001     0.37500001  
    1    0.37500001     0.87500001     0.87500001  
    1    0.87500001     0.37500001     0.37500001  
    1    0.87500001     0.37500001     0.87500001  
    1    0.87500001     0.87500001     0.37500001  
    1    0.87500001     0.87500001     0.87500001  
    1    0.00000000     0.25000000     0.00000000  
    1    0.00000000     0.25000000     0.50000001  
    1    0.00000000     0.75000001     0.00000000  
    1    0.00000000     0.75000001     0.50000001  
    1    0.50000001     0.25000000     0.00000000  
    1    0.50000001     0.25000000     0.50000001  
    1    0.50000001     0.75000001     0.00000000  
    1    0.50000001     0.75000001     0.50000001  
    2    0.00000000     0.00000000     0.00000000  
    2    0.00000000     0.00000000     0.50000001  
    2    0.00000000     0.50000001     0.00000000  
    2    0.00000000     0.50000001     0.50000001  
    2    0.50000001     0.00000000     0.00000000  
    2    0.50000001     0.00000000     0.50000001  
    2    0.50000001     0.50000001     0.00000000  
    2    0.50000001     0.50000001     0.50000001  
    2    0.00000000     0.25000000     0.25000000  
    2    0.00000000     0.25000000     0.75000001  
    2    0.00000000     0.75000001     0.25000000  
    2    0.00000000     0.75000001     0.75000001  
    2    0.50000001     0.25000000     0.25000000  
    2    0.50000001     0.25000000     0.75000001  
    2    0.50000001     0.75000001     0.25000000  
    2    0.50000001     0.75000001     0.75000001  
    2    0.25000000     0.00000000     0.25000000  
    2    0.25000000     0.00000000     0.75000001  
    2    0.25000000     0.50000001     0.25000000  
    2    0.25000000     0.50000001     0.75000001  
    2    0.75000001     0.00000000     0.25000000  
    2    0.75000001     0.00000000     0.75000001  
    2    0.75000001     0.50000001     0.25000000  
    2    0.75000001     0.50000001     0.75000001  
    2    0.25000000     0.25000000     0.00000000  
    2    0.25000000     0.25000000     0.50000001  
    2    0.25000000     0.75000001     0.00000000  
    2    0.25000000     0.75000001     0.50000001  
    2    0.75000001     0.25000000     0.00000000  
    2    0.75000001     0.25000000     0.50000001  
    2    0.75000001     0.75000001     0.00000000  
    2    0.75000001     0.75000001     0.50000001  
/
