# Filename: XFSET.harm1, Snapshot: 1
    0.01893354164828     0.00000000000000     0.00000000000000      -2.12359752E-03 -2.50734631E-05 -2.50583358E-05
    0.00000000000000     0.00000000000000    -0.00000087305347       4.81933895E-04  4.76509253E-05  2.86495515E-05
    0.00000000000000    -0.00000087305347     0.00000000000000       4.81929356E-04  3.01017702E-05  4.58462410E-05
    0.00000000000000    -0.00000087305347    -0.00000087305347       4.13485988E-04 -4.63197248E-05 -4.54226772E-05
   -0.00000087305347     0.00000000000000     0.00000000000000       5.22757879E-04 -4.84511583E-05 -4.75389834E-05
   -0.00000087305347     0.00000000000000    -0.00000087305347       5.33286465E-04  3.35583532E-05  4.49461680E-05
   -0.00000087305347    -0.00000087305347     0.00000000000000       5.33284952E-04  4.67417759E-05  3.20834436E-05
   -0.00000087305347    -0.00000087305347    -0.00000087305347       6.29396112E-04 -2.45606483E-05 -2.45470338E-05
    0.00000000000000    -0.00000043652673    -0.00000043652673      -5.13218618E-04  9.80474515E-05  9.87765863E-05
    0.00000000000000    -0.00000043652673    -0.00000130958020      -5.41635209E-04  1.59002818E-05 -1.08914888E-04
    0.00000000000000    -0.00000130958020    -0.00000043652673      -5.41119369E-04 -1.08795382E-04  1.48580123E-05
    0.00000000000000    -0.00000130958020    -0.00000130958020      -5.74547628E-04 -2.76874567E-05 -2.59705106E-05
   -0.00000087305347    -0.00000043652673    -0.00000043652673      -5.51794689E-04 -2.42490264E-05 -2.25351058E-05
   -0.00000087305347    -0.00000043652673    -0.00000130958020      -5.20420715E-04 -1.06586800E-04  1.28173425E-05
   -0.00000087305347    -0.00000130958020    -0.00000043652673      -5.20903275E-04  1.38762520E-05 -1.06694204E-04
   -0.00000087305347    -0.00000130958020    -0.00000130958020      -4.95379019E-04  9.46438140E-05  9.53729488E-05
   -0.00000043652673     0.00000000000000    -0.00000043652673       4.27294167E-04 -1.85309154E-05  2.24927495E-04
   -0.00000043652673     0.00000000000000    -0.00000130958020       4.52393346E-04  4.01508209E-05 -2.08118063E-04
   -0.00000043652673    -0.00000087305347    -0.00000043652673      -1.01597824E-04  1.09839165E-05 -1.08774204E-04
   -0.00000043652673    -0.00000087305347    -0.00000130958020      -7.11072823E-05 -3.83854676E-05  1.07562509E-04
   -0.00000130958020     0.00000000000000    -0.00000043652673       3.10883713E-04 -3.86970895E-05 -2.72899118E-04
   -0.00000130958020     0.00000000000000    -0.00000130958020       2.77821534E-04  9.84634516E-06  2.83218947E-04
   -0.00000130958020    -0.00000087305347    -0.00000043652673       5.96650094E-05  3.81479693E-05  1.98236926E-04
   -0.00000130958020    -0.00000087305347    -0.00000130958020       3.75474164E-05 -1.78728788E-05 -1.81090156E-04
   -0.00000043652673    -0.00000043652673     0.00000000000000       4.26519650E-04  2.24983466E-04 -1.77775769E-05
   -0.00000043652673    -0.00000043652673    -0.00000087305347      -1.01239307E-04 -1.08172139E-04  1.14059675E-05
   -0.00000043652673    -0.00000130958020     0.00000000000000       4.52290481E-04 -2.07632478E-04  4.09389521E-05
   -0.00000043652673    -0.00000130958020    -0.00000087305347      -7.02495657E-05  1.07662349E-04 -3.79845947E-05
   -0.00000130958020    -0.00000043652673     0.00000000000000       3.11752019E-04 -2.72765998E-04 -3.82992421E-05
   -0.00000130958020    -0.00000043652673    -0.00000087305347       5.95560930E-05  1.98730075E-04  3.89224859E-05
   -0.00000130958020    -0.00000130958020     0.00000000000000       2.78178538E-04  2.83849755E-04  1.02714217E-05
   -0.00000130958020    -0.00000130958020    -0.00000087305347       3.67532343E-05 -1.81014520E-04 -1.71376931E-05
