&general
  PREFIX = sc222_harm
  MODE = optimize
  NAT = 96; NKD = 2
  KD = Fe S 
/

&optimize
  DFSET = displace/DFSET_harmonic
/
 
&interaction
  NORDER = 1  # 1: harmonic, 2: cubic, ..
/

&cell
     20.423487 # factor in Bohr unit
      1.000000 0.0   0.0   # a1
      0.000000     1.000000 0.0   # a2
      0.000000     0.000000     1.000000 # a3
/

&cutoff 
  *-* 12.0 12.0
/

&position
    1    0.00000000     0.25000000     0.25000000  
    1    0.00000000     0.25000000     0.75000000  
    1    0.00000000     0.75000000     0.25000000  
    1    0.00000000     0.75000000     0.75000000  
    1    0.50000000     0.25000000     0.25000000  
    1    0.50000000     0.25000000     0.75000000  
    1    0.50000000     0.75000000     0.25000000  
    1    0.50000000     0.75000000     0.75000000  
    1    0.25000000     0.25000000     0.00000000  
    1    0.25000000     0.25000000     0.50000000  
    1    0.25000000     0.75000000     0.00000000  
    1    0.25000000     0.75000000     0.50000000  
    1    0.75000000     0.25000000     0.00000000  
    1    0.75000000     0.25000000     0.50000000  
    1    0.75000000     0.75000000     0.00000000  
    1    0.75000000     0.75000000     0.50000000  
    1    0.25000000     0.00000000     0.25000000  
    1    0.25000000     0.00000000     0.75000000  
    1    0.25000000     0.50000000     0.25000000  
    1    0.25000000     0.50000000     0.75000000  
    1    0.75000000     0.00000000     0.25000000  
    1    0.75000000     0.00000000     0.75000000  
    1    0.75000000     0.50000000     0.25000000  
    1    0.75000000     0.50000000     0.75000000  
    1    0.00000000     0.00000000     0.00000000  
    1    0.00000000     0.00000000     0.50000000  
    1    0.00000000     0.50000000     0.00000000  
    1    0.00000000     0.50000000     0.50000000  
    1    0.50000000     0.00000000     0.00000000  
    1    0.50000000     0.00000000     0.50000000  
    1    0.50000000     0.50000000     0.00000000  
    1    0.50000000     0.50000000     0.50000000  
    2    0.19144399     0.05855600     0.44144401  
    2    0.19144399     0.05855600     0.94144404  
    2    0.19144399     0.55855602     0.44144401  
    2    0.19144399     0.55855602     0.94144404  
    2    0.69144398     0.05855600     0.44144401  
    2    0.69144398     0.05855600     0.94144404  
    2    0.69144398     0.55855602     0.44144401  
    2    0.69144398     0.55855602     0.94144404  
    2    0.05855600     0.44144401     0.19144399  
    2    0.05855600     0.44144401     0.69144398  
    2    0.05855600     0.94144404     0.19144399  
    2    0.05855600     0.94144404     0.69144398  
    2    0.55855602     0.44144401     0.19144399  
    2    0.55855602     0.44144401     0.69144398  
    2    0.55855602     0.94144404     0.19144399  
    2    0.55855602     0.94144404     0.69144398  
    2    0.44144401     0.19144399     0.05855600  
    2    0.44144401     0.19144399     0.55855602  
    2    0.44144401     0.69144398     0.05855600  
    2    0.44144401     0.69144398     0.55855602  
    2    0.94144404     0.19144399     0.05855600  
    2    0.94144404     0.19144399     0.55855602  
    2    0.94144404     0.69144398     0.05855600  
    2    0.94144404     0.69144398     0.55855602  
    2    0.30855599     0.30855599     0.30855599  
    2    0.30855599     0.30855599     0.80855596  
    2    0.30855599     0.80855596     0.30855599  
    2    0.30855599     0.80855596     0.80855596  
    2    0.80855596     0.30855599     0.30855599  
    2    0.80855596     0.30855599     0.80855596  
    2    0.80855596     0.80855596     0.30855599  
    2    0.80855596     0.80855596     0.80855596  
    2    0.19144399     0.19144399     0.19144399  
    2    0.19144399     0.19144399     0.69144398  
    2    0.19144399     0.69144398     0.19144399  
    2    0.19144399     0.69144398     0.69144398  
    2    0.69144398     0.19144399     0.19144399  
    2    0.69144398     0.19144399     0.69144398  
    2    0.69144398     0.69144398     0.19144399  
    2    0.69144398     0.69144398     0.69144398  
    2    0.05855600     0.30855599     0.44144401  
    2    0.05855600     0.30855599     0.94144404  
    2    0.05855600     0.80855596     0.44144401  
    2    0.05855600     0.80855596     0.94144404  
    2    0.55855602     0.30855599     0.44144401  
    2    0.55855602     0.30855599     0.94144404  
    2    0.55855602     0.80855596     0.44144401  
    2    0.55855602     0.80855596     0.94144404  
    2    0.44144401     0.05855600     0.30855599  
    2    0.44144401     0.05855600     0.80855596  
    2    0.44144401     0.55855602     0.30855599  
    2    0.44144401     0.55855602     0.80855596  
    2    0.94144404     0.05855600     0.30855599  
    2    0.94144404     0.05855600     0.80855596  
    2    0.94144404     0.55855602     0.30855599  
    2    0.94144404     0.55855602     0.80855596  
    2    0.30855599     0.44144401     0.05855600  
    2    0.30855599     0.44144401     0.55855602  
    2    0.30855599     0.94144404     0.05855600  
    2    0.30855599     0.94144404     0.55855602  
    2    0.80855596     0.44144401     0.05855600  
    2    0.80855596     0.44144401     0.55855602  
    2    0.80855596     0.94144404     0.05855600  
    2    0.80855596     0.94144404     0.55855602  
/
