# Filename: XFSET.harm1, Snapshot: 1
    0.01888721380290     0.00000000000000     0.00000000000000      -6.89676196E-03  3.67713870E-05  3.46278518E-04
    0.00000000000000     0.00000000000000     0.00000000000000       6.98113284E-04  2.14807346E-06 -4.23261235E-05
    0.00000000000000     0.00000000000000     0.00000000000000       7.04563556E-04  1.74375157E-04  4.14063850E-05
    0.00000000000000     0.00000000000000     0.00000000000000       1.91379730E-03 -1.45426086E-04  1.18597858E-05
    0.00000000000000     0.00000000000000     0.00000000000000      -2.18982474E-04 -3.73265581E-05  1.03422173E-04
    0.00000000000000     0.00000000000000     0.00000000000000      -5.71758158E-04 -2.98084523E-04  2.21092730E-04
    0.00000000000000     0.00000000000000     0.00000000000000      -1.25111664E-04  4.37113283E-04 -2.67324716E-04
    0.00000000000000     0.00000000000000     0.00000000000000       1.14330907E-03  4.88505184E-05 -4.70806269E-05
    0.00000000000000     0.00000000000000     0.00000000000000      -3.83506748E-05  1.24925599E-04  5.87706847E-04
    0.00000000000000     0.00000000000000     0.00000000000000      -6.46766765E-05  2.77706567E-04 -6.86008437E-04
    0.00000000000000     0.00000000000000     0.00000000000000      -1.83586157E-04 -1.63143154E-04  3.53162942E-04
    0.00000000000000     0.00000000000000     0.00000000000000      -1.50058058E-04 -4.04669810E-04 -5.05110397E-04
    0.00000000000000     0.00000000000000     0.00000000000000      -4.00113474E-04 -1.31845421E-03 -9.95022418E-04
    0.00000000000000     0.00000000000000     0.00000000000000      -3.32685146E-04 -1.14171768E-03  8.40769566E-04
    0.00000000000000     0.00000000000000     0.00000000000000      -3.51202447E-04  1.08190594E-03 -8.87393349E-04
    0.00000000000000     0.00000000000000     0.00000000000000      -2.45104258E-04  1.14048632E-03  1.16145424E-03
    0.00000000000000     0.00000000000000     0.00000000000000       1.69394955E-03 -7.13871370E-05  1.19891089E-03
    0.00000000000000     0.00000000000000     0.00000000000000       1.88703110E-03  4.27088436E-05 -1.25768188E-03
    0.00000000000000     0.00000000000000     0.00000000000000      -1.31895190E-03  1.72018328E-04  3.00004175E-05
    0.00000000000000     0.00000000000000     0.00000000000000      -1.28363575E-03 -1.48977971E-04  1.27681789E-04
    0.00000000000000     0.00000000000000     0.00000000000000       6.18167134E-04 -3.27889799E-04 -1.94266771E-03
    0.00000000000000     0.00000000000000     0.00000000000000       3.77357510E-04  1.43860412E-05  1.63974095E-03
    0.00000000000000     0.00000000000000     0.00000000000000       3.87701543E-04  1.63480492E-04 -2.15593964E-05
    0.00000000000000     0.00000000000000     0.00000000000000       2.37434728E-04 -6.28704795E-05  3.51120759E-04
    0.00000000000000     0.00000000000000     0.00000000000000       1.72021958E-03  8.86857843E-04 -9.29102279E-05
    0.00000000000000     0.00000000000000     0.00000000000000      -1.30315902E-03 -2.31857301E-04  1.25456566E-04
    0.00000000000000     0.00000000000000     0.00000000000000       1.82077816E-03 -9.76101219E-04  1.30518153E-05
    0.00000000000000     0.00000000000000     0.00000000000000      -9.51383247E-04  4.61794950E-04 -2.47669844E-04
    0.00000000000000     0.00000000000000     0.00000000000000       3.61122915E-04 -1.97174839E-03 -1.75632234E-04
    0.00000000000000     0.00000000000000     0.00000000000000       4.33190780E-04  1.45373140E-05  1.20661219E-04
    0.00000000000000     0.00000000000000     0.00000000000000       9.28013115E-05  1.76639862E-03  1.16351458E-04
    0.00000000000000     0.00000000000000     0.00000000000000       3.36129627E-04  4.55113231E-04 -2.19076263E-04
