# Filename: XFSET.harm1, Snapshot: 1
    0.01889726124994     0.00000000000000     0.00000000000000      -2.21976757E-03 -2.43179676E-03 -1.07662622E-02
    0.00000000000000     0.00000000000000     0.00000000000000      -4.87527017E-05  2.95672537E-05 -5.43195566E-04
    0.00000000000000     0.00000000000000     0.00000000000000      -1.49415793E-05  2.27038658E-05 -1.28006297E-04
    0.00000000000000     0.00000000000000     0.00000000000000      -1.19959183E-04  1.05118252E-04  7.94022140E-04
    0.00000000000000     0.00000000000000     0.00000000000000       1.58060555E-04  7.94502072E-05 -1.04171126E-02
    0.00000000000000     0.00000000000000     0.00000000000000      -3.11001773E-05 -3.73187878E-05 -4.62268949E-04
    0.00000000000000     0.00000000000000     0.00000000000000       6.59935984E-05  1.30522514E-04 -7.57065658E-05
    0.00000000000000     0.00000000000000     0.00000000000000      -3.43997059E-05 -2.27166728E-05  1.12945056E-03
    0.00000000000000     0.00000000000000     0.00000000000000       2.67493033E-05  5.46511762E-05 -4.26074013E-04
    0.00000000000000     0.00000000000000     0.00000000000000       5.81213952E-05 -8.58768809E-05  2.55452772E-04
    0.00000000000000     0.00000000000000     0.00000000000000       5.94922200E-05 -1.53144522E-04  3.72865428E-04
    0.00000000000000     0.00000000000000     0.00000000000000       2.06499772E-04  2.52154769E-04  1.03136746E-02
    0.00000000000000     0.00000000000000     0.00000000000000      -2.72299330E-05 -1.50416025E-05 -3.27396145E-04
    0.00000000000000     0.00000000000000     0.00000000000000       1.04946475E-04  2.08284591E-05  6.06871836E-05
    0.00000000000000     0.00000000000000     0.00000000000000      -7.73534120E-05 -2.57415588E-05  5.76030957E-04
    0.00000000000000     0.00000000000000     0.00000000000000       1.31906810E-04  1.51643028E-04  1.02906300E-02
    0.00000000000000     0.00000000000000     0.00000000000000       2.02047407E-05  1.99337441E-06 -1.28717583E-04
    0.00000000000000     0.00000000000000     0.00000000000000       3.38484924E-06  7.99355006E-05  6.50397175E-04
    0.00000000000000     0.00000000000000     0.00000000000000      -4.44789956E-05 -1.47214560E-04 -1.01860374E-02
    0.00000000000000     0.00000000000000     0.00000000000000      -7.62845259E-05 -5.23098438E-06 -4.91581576E-04
    0.00000000000000     0.00000000000000     0.00000000000000      -4.97893360E-05 -1.17404660E-04 -1.68888240E-04
    0.00000000000000     0.00000000000000     0.00000000000000       7.47729307E-05  7.59288327E-05  2.89093411E-04
    0.00000000000000     0.00000000000000     0.00000000000000      -3.17634639E-04  1.15780317E-04 -1.07145397E-02
    0.00000000000000     0.00000000000000     0.00000000000000      -3.36395809E-06 -1.02959027E-04 -4.48122181E-04
    0.00000000000000     0.00000000000000     0.00000000000000      -1.49263225E-04  4.74003958E-05  4.11445555E-04
    0.00000000000000     0.00000000000000     0.00000000000000       7.17650960E-04 -3.29333986E-04  9.99364340E-03
    0.00000000000000     0.00000000000000     0.00000000000000       3.77671273E-05  4.48198466E-05 -6.44576624E-04
    0.00000000000000     0.00000000000000     0.00000000000000      -1.31201986E-05  1.01777814E-05  4.02684592E-04
    0.00000000000000     0.00000000000000     0.00000000000000       2.58317533E-05  8.61729470E-06  4.63011913E-04
    0.00000000000000     0.00000000000000     0.00000000000000       3.04052039E-04 -7.31627826E-05  1.00246558E-02
    0.00000000000000     0.00000000000000     0.00000000000000      -1.79219202E-04  8.83225639E-05 -7.76496519E-04
    0.00000000000000     0.00000000000000     0.00000000000000      -1.09422974E-04 -1.41874422E-05  2.83960639E-04
    0.00000000000000     0.00000000000000     0.00000000000000       2.77483136E-05  5.17591273E-04 -9.81782835E-03
    0.00000000000000     0.00000000000000     0.00000000000000      -7.18944318E-05  5.11197589E-05 -4.68033789E-04
    0.00000000000000     0.00000000000000     0.00000000000000      -2.86689561E-05  5.81809498E-05 -2.64802589E-04
    0.00000000000000     0.00000000000000     0.00000000000000      -1.42216265E-04 -1.04114196E-04  7.21410730E-04
    0.00000000000000     0.00000000000000     0.00000000000000      -1.44158697E-04  3.96149477E-04 -1.01491610E-02
    0.00000000000000     0.00000000000000     0.00000000000000       7.08701268E-05  1.87206865E-04 -5.33783174E-04
    0.00000000000000     0.00000000000000     0.00000000000000      -2.31448951E-05 -6.19505646E-07 -1.38954976E-05
    0.00000000000000     0.00000000000000     0.00000000000000       7.63792301E-05  5.18154020E-05  8.13653312E-04
    0.00000000000000     0.00000000000000     0.00000000000000      -1.39793905E-05  7.94615064E-06 -5.35482851E-04
    0.00000000000000     0.00000000000000     0.00000000000000      -1.28135594E-04  1.32565193E-04  1.09050940E-04
    0.00000000000000     0.00000000000000     0.00000000000000      -5.26217958E-05 -2.83057263E-05  3.84997672E-04
    0.00000000000000     0.00000000000000     0.00000000000000      -1.02513905E-04  4.85377826E-04  1.06279391E-02
    0.00000000000000     0.00000000000000     0.00000000000000       1.86030497E-04 -4.91670167E-05 -9.84196657E-04
    0.00000000000000     0.00000000000000     0.00000000000000      -3.38440862E-06 -1.43806328E-06  5.51038791E-04
    0.00000000000000     0.00000000000000     0.00000000000000      -4.06347355E-06  7.42318566E-06  6.08637638E-04
    0.00000000000000     0.00000000000000     0.00000000000000       2.95210390E-04 -7.95263926E-05  1.01015256E-02
    0.00000000000000     0.00000000000000     0.00000000000000       2.56452631E-05 -5.76040583E-05 -1.24004496E-04
    0.00000000000000     0.00000000000000     0.00000000000000       9.77004263E-05  8.94250466E-05  7.78436968E-04
    0.00000000000000     0.00000000000000     0.00000000000000      -5.04436100E-04  6.07639413E-04 -1.07454478E-02
    0.00000000000000     0.00000000000000     0.00000000000000       6.40319952E-05 -4.49218542E-05 -4.82613781E-04
    0.00000000000000     0.00000000000000     0.00000000000000       4.50293450E-05  2.97670965E-05 -1.76549337E-04
    0.00000000000000     0.00000000000000     0.00000000000000       8.50562288E-05  4.62817035E-05  4.50074764E-04
    0.00000000000000     0.00000000000000     0.00000000000000      -2.72118267E-04  4.40428845E-04 -1.03036806E-02
    0.00000000000000     0.00000000000000     0.00000000000000      -7.84121523E-06 -2.81244748E-05 -5.60766320E-04
    0.00000000000000     0.00000000000000     0.00000000000000      -9.59846048E-07  4.24198584E-05  5.96874322E-04
    0.00000000000000     0.00000000000000     0.00000000000000      -3.04060008E-04  6.29433080E-04  9.80974345E-03
    0.00000000000000     0.00000000000000     0.00000000000000       4.67589871E-05 -1.07923264E-04 -6.38110875E-04
    0.00000000000000     0.00000000000000     0.00000000000000       7.05031186E-05 -1.01917299E-04  1.66489248E-04
    0.00000000000000     0.00000000000000     0.00000000000000       4.78119216E-05 -4.87654702E-05  5.47394970E-04
    0.00000000000000     0.00000000000000     0.00000000000000       1.13087079E-04  2.17119919E-04  1.05945308E-02
    0.00000000000000     0.00000000000000     0.00000000000000       3.72545582E-04  1.63242627E-04 -1.62730460E-03
    0.00000000000000     0.00000000000000     0.00000000000000      -7.11104960E-05  1.38588618E-05  2.37722892E-04
