&general
  PREFIX = al222_harm
  MODE = optimize
  NAT = 32; NKD = 1
  KD = Al
/

&optimize
 DFSET = displace/DFSET_harmonic
/

&interaction
  NORDER = 1  # 1: harmonic, 2: cubic, ..
/

&cell
  15.2689 # factor in Bohr unit
  1.0 0.0 0.0 # a1
  0.0 1.0 0.0 # a2
  0.0 0.0 1.0 # a3
/

&cutoff 
  Al-Al 7.3 7.3
/

&position
  1     0.000000000         0.000000000         0.000000000
  1     0.000000000         0.000000000         0.500000000
  1     0.000000000         0.500000000         0.000000000
  1     0.000000000         0.500000000         0.500000000
  1     0.500000000         0.000000000         0.000000000
  1     0.500000000         0.000000000         0.500000000
  1     0.500000000         0.500000000         0.000000000
  1     0.500000000         0.500000000         0.500000000
  1     0.000000000         0.250000000         0.250000000
  1     0.000000000         0.250000000         0.750000000
  1     0.000000000         0.750000000         0.250000000
  1     0.000000000         0.750000000         0.750000000
  1     0.500000000         0.250000000         0.250000000
  1     0.500000000         0.250000000         0.750000000
  1     0.500000000         0.750000000         0.250000000
  1     0.500000000         0.750000000         0.750000000
  1     0.250000000         0.000000000         0.250000000
  1     0.250000000         0.000000000         0.750000000
  1     0.250000000         0.500000000         0.250000000
  1     0.250000000         0.500000000         0.750000000
  1     0.750000000         0.000000000         0.250000000
  1     0.750000000         0.000000000         0.750000000
  1     0.750000000         0.500000000         0.250000000
  1     0.750000000         0.500000000         0.750000000
  1     0.250000000         0.250000000         0.000000000
  1     0.250000000         0.250000000         0.500000000
  1     0.250000000         0.750000000         0.000000000
  1     0.250000000         0.750000000         0.500000000
  1     0.750000000         0.250000000         0.000000000
  1     0.750000000         0.250000000         0.500000000
  1     0.750000000         0.750000000         0.000000000
  1     0.750000000         0.750000000         0.500000000
/

