# Filename: XFSET.harm1, Snapshot: 1
    0.01889726124994     0.00000000000000     0.00000000000000      -1.88688373E-03 -4.63039080E-08 -5.02793474E-08
    0.00000000000000     0.00000000000000     0.00000000000000       3.45900448E-05  1.16818151E-09  5.32156486E-08
    0.00000000000000     0.00000000000000     0.00000000000000       3.45593597E-05  4.74109637E-08 -3.93921674E-09
    0.00000000000000     0.00000000000000     0.00000000000000       1.39733707E-04 -4.11127447E-09 -4.93081265E-09
    0.00000000000000     0.00000000000000     0.00000000000000       2.15995458E-04 -7.10507920E-08  6.57486968E-08
    0.00000000000000     0.00000000000000     0.00000000000000      -5.36060250E-05  1.02396996E-08 -7.47341860E-08
    0.00000000000000     0.00000000000000     0.00000000000000      -5.35846219E-05  7.24883797E-08 -2.40835561E-08
    0.00000000000000     0.00000000000000     0.00000000000000       9.30650821E-05 -2.44503109E-09  2.64199191E-08
    0.00000000000000     0.00000000000000     0.00000000000000       1.55174350E-04  2.61803767E-04  2.61731159E-04
    0.00000000000000     0.00000000000000     0.00000000000000       1.55201264E-04  2.61725653E-04 -2.61729040E-04
    0.00000000000000     0.00000000000000     0.00000000000000       1.55171036E-04 -2.61803423E-04  2.61774282E-04
    0.00000000000000     0.00000000000000     0.00000000000000       1.55149429E-04 -2.61727971E-04 -2.61773539E-04
    0.00000000000000     0.00000000000000     0.00000000000000       2.13856002E-04 -3.06717159E-04 -3.06758561E-04
    0.00000000000000     0.00000000000000     0.00000000000000       2.13831787E-04 -3.06692346E-04  3.06766494E-04
    0.00000000000000     0.00000000000000     0.00000000000000       2.13860873E-04  3.06712921E-04 -3.06739834E-04
    0.00000000000000     0.00000000000000     0.00000000000000       2.13881212E-04  3.06690463E-04  3.06739653E-04
