# Filename: XFSET.cubic01, Snapshot: 1
    0.07558904499974     0.00000000000000     0.00000000000000      -7.71236667E-03  2.77420471E-08 -4.64782297E-08
    0.00000000000000     0.00000000000000     0.00000000000000       1.56018628E-04  6.33896948E-09  4.69898750E-08
    0.00000000000000     0.00000000000000     0.00000000000000       1.56039094E-04 -2.57814943E-08 -2.08280433E-10
    0.00000000000000     0.00000000000000     0.00000000000000       3.35894711E-04 -4.17466418E-09  2.26391763E-10
    0.00000000000000     0.00000000000000     0.00000000000000       9.44889251E-04 -2.17698322E-08 -2.39975274E-09
    0.00000000000000     0.00000000000000     0.00000000000000      -8.65630471E-05  6.64233442E-09  1.92206609E-09
    0.00000000000000     0.00000000000000     0.00000000000000      -8.65854146E-05  2.35628551E-08  4.30144373E-10
    0.00000000000000     0.00000000000000     0.00000000000000       2.83328897E-04 -4.35124974E-09  1.29496090E-09
    0.00000000000000     0.00000000000000     0.00000000000000       6.33631579E-04  8.63051561E-04  8.63080902E-04
    0.00000000000000     0.00000000000000     0.00000000000000       6.33656717E-04  8.63080902E-04 -8.63084524E-04
    0.00000000000000     0.00000000000000     0.00000000000000       6.33534864E-04 -8.63052431E-04  8.63130599E-04
    0.00000000000000     0.00000000000000     0.00000000000000       6.33607164E-04 -8.63078946E-04 -8.63129005E-04
    0.00000000000000     0.00000000000000     0.00000000000000       8.68707298E-04 -1.02470999E-03 -1.02472738E-03
    0.00000000000000     0.00000000000000     0.00000000000000       8.68679769E-04 -1.02470593E-03  1.02472448E-03
    0.00000000000000     0.00000000000000     0.00000000000000       8.68801188E-04  1.02470419E-03 -1.02475012E-03
    0.00000000000000     0.00000000000000     0.00000000000000       8.68730916E-04  1.02470427E-03  1.02475404E-03
# Filename: XFSET.cubic02, Snapshot: 1
    0.07558904499974     0.07558904499974     0.00000000000000      -6.42102166E-03 -6.42108425E-03 -2.18785003E-08
    0.00000000000000     0.00000000000000     0.00000000000000       2.11710985E-04  2.11690410E-04  2.08189868E-08
    0.00000000000000     0.00000000000000     0.00000000000000       2.38428039E-04  7.80928147E-04 -2.72575687E-08
    0.00000000000000     0.00000000000000     0.00000000000000       2.84280069E-04 -3.33162832E-05  2.04839270E-08
    0.00000000000000     0.00000000000000     0.00000000000000       7.80867003E-04  2.38474712E-04  4.46987904E-08
    0.00000000000000     0.00000000000000     0.00000000000000      -3.33397736E-05  2.84281518E-04 -5.03223618E-08
    0.00000000000000     0.00000000000000     0.00000000000000      -8.87541391E-05 -8.88024239E-05 -4.52782281E-12
    0.00000000000000     0.00000000000000     0.00000000000000       1.76101335E-04  1.76105048E-04 -3.94827242E-09
    0.00000000000000     0.00000000000000     0.00000000000000       1.21906627E-03  1.21902411E-03  1.62465599E-03
    0.00000000000000     0.00000000000000     0.00000000000000       1.21912133E-03  1.21904975E-03 -1.62464991E-03
    0.00000000000000     0.00000000000000     0.00000000000000      -2.70900134E-04 -1.27969685E-04 -2.53812337E-05
    0.00000000000000     0.00000000000000     0.00000000000000      -2.70849205E-04 -1.27996770E-04  2.53867101E-05
    0.00000000000000     0.00000000000000     0.00000000000000      -1.28016385E-04 -2.70825352E-04 -2.53867894E-05
    0.00000000000000     0.00000000000000     0.00000000000000      -1.28067875E-04 -2.70827924E-04  2.53884352E-05
    0.00000000000000     0.00000000000000     0.00000000000000       1.60571081E-03  1.60563532E-03 -1.69199193E-03
    0.00000000000000     0.00000000000000     0.00000000000000       1.60566372E-03  1.60563749E-03  1.69199353E-03
# Filename: XFSET.cubic03, Snapshot: 1
    0.07558904499974     0.00000000000000     0.00000000000000      -7.45780293E-03  2.35809664E-08  2.55732139E-08
    0.07558904499974     0.00000000000000     0.00000000000000      -7.45773918E-03  1.94561084E-08 -2.05744837E-08
    0.00000000000000     0.00000000000000     0.00000000000000       5.08555235E-04 -2.45227561E-08 -4.87919535E-08
    0.00000000000000     0.00000000000000     0.00000000000000       5.08605005E-04 -2.05880672E-08  5.11147330E-08
    0.00000000000000     0.00000000000000     0.00000000000000       8.39991549E-04  2.27229416E-08  2.26210653E-08
    0.00000000000000     0.00000000000000     0.00000000000000       8.39926204E-04 -3.60868474E-09 -2.62071109E-08
    0.00000000000000     0.00000000000000     0.00000000000000       1.77629878E-04 -2.35628551E-08  4.71528771E-08
    0.00000000000000     0.00000000000000     0.00000000000000       1.77588946E-04 -6.24841259E-10 -4.85112277E-08
    0.00000000000000     0.00000000000000     0.00000000000000       1.25946630E-03  1.67617363E-03  4.53892853E-08
    0.00000000000000     0.00000000000000     0.00000000000000       1.25951281E-03  1.67613277E-03 -4.95458381E-08
    0.00000000000000     0.00000000000000     0.00000000000000       1.25953411E-03 -1.67617682E-03 -1.97775847E-08
    0.00000000000000     0.00000000000000     0.00000000000000       1.25943761E-03 -1.67612756E-03  2.46314242E-08
    0.00000000000000     0.00000000000000     0.00000000000000       1.70634930E-03 -2.02630049E-03 -4.75694380E-08
    0.00000000000000     0.00000000000000     0.00000000000000       1.70630293E-03 -2.02630005E-03  4.74403946E-08
    0.00000000000000     0.00000000000000     0.00000000000000       1.70627178E-03  2.02629643E-03 -1.85641249E-09
    0.00000000000000     0.00000000000000     0.00000000000000       1.70637350E-03  2.02630368E-03 -1.24062687E-09
# Filename: XFSET.cubic04, Snapshot: 1
    0.07558904499974     0.00000000000000     0.00000000000000      -7.85022904E-03  6.92985197E-08  5.04378216E-08
   -0.07558904499975     0.00000000000000     0.00000000000000       7.85023600E-03  5.07117555E-10 -5.05578093E-08
    0.00000000000000     0.00000000000000     0.00000000000000      -2.03913038E-04 -7.22642518E-08 -2.37258573E-09
    0.00000000000000     0.00000000000000     0.00000000000000       2.03963370E-04  6.94569941E-09 -3.26004137E-10
    0.00000000000000     0.00000000000000     0.00000000000000       1.01764142E-03 -5.11237887E-08  5.44200528E-08
    0.00000000000000     0.00000000000000     0.00000000000000      -1.01765077E-03 -9.14622736E-10 -4.96794092E-08
    0.00000000000000     0.00000000000000     0.00000000000000      -4.12399299E-04  4.93715164E-08  2.18422776E-08
    0.00000000000000     0.00000000000000     0.00000000000000       4.12354093E-04  9.78012450E-10 -2.55369912E-08
    0.00000000000000     0.00000000000000     0.00000000000000      -2.66219294E-04 -1.77143570E-04  1.89751798E-03
    0.00000000000000     0.00000000000000     0.00000000000000      -2.66195695E-04 -1.77168365E-04 -1.89751712E-03
    0.00000000000000     0.00000000000000     0.00000000000000      -2.66177548E-04  1.77143769E-04  1.89751769E-03
    0.00000000000000     0.00000000000000     0.00000000000000      -2.66226140E-04  1.77161084E-04 -1.89751596E-03
    0.00000000000000     0.00000000000000     0.00000000000000       2.66223967E-04 -1.77238600E-04 -1.89746278E-03
    0.00000000000000     0.00000000000000     0.00000000000000       2.66198158E-04 -1.77215599E-04  1.89746264E-03
    0.00000000000000     0.00000000000000     0.00000000000000       2.66167387E-04  1.77243164E-04 -1.89746394E-03
    0.00000000000000     0.00000000000000     0.00000000000000       2.66226828E-04  1.77214657E-04  1.89746438E-03
# Filename: XFSET.cubic05, Snapshot: 1
    0.07558904499974     0.00000000000000     0.00000000000000      -7.65238886E-03  2.59434496E-04  2.39069705E-08
    0.00000000000000     0.07558904499974     0.00000000000000       2.59481459E-04 -7.65239987E-03 -1.84373454E-08
    0.00000000000000     0.00000000000000     0.00000000000000       1.61389619E-04 -1.06526998E-04 -3.10609504E-09
    0.00000000000000     0.00000000000000     0.00000000000000       3.34264074E-04  9.14346864E-04  1.67077125E-09
    0.00000000000000     0.00000000000000     0.00000000000000       9.14337736E-04  3.34270232E-04 -1.54399186E-09
    0.00000000000000     0.00000000000000     0.00000000000000      -1.06574522E-04  1.61387917E-04  1.31307223E-09
    0.00000000000000     0.00000000000000     0.00000000000000      -1.20370709E-04  2.94708814E-04 -4.44180647E-09
    0.00000000000000     0.00000000000000     0.00000000000000       2.94706985E-04 -1.20367866E-04  1.47607432E-09
    0.00000000000000     0.00000000000000     0.00000000000000       1.45468468E-03  1.45465367E-03 -2.13917580E-08
    0.00000000000000     0.00000000000000     0.00000000000000       1.45465469E-03  1.45463455E-03  2.18468055E-08
    0.00000000000000     0.00000000000000     0.00000000000000      -3.96386772E-04  2.39519048E-05  1.89206270E-03
    0.00000000000000     0.00000000000000     0.00000000000000      -3.96384961E-04  2.39749333E-05 -1.89206517E-03
    0.00000000000000     0.00000000000000     0.00000000000000       2.39277352E-05 -3.96385178E-04 -1.89204314E-03
    0.00000000000000     0.00000000000000     0.00000000000000       2.39533899E-05 -3.96412345E-04  1.89204488E-03
    0.00000000000000     0.00000000000000     0.00000000000000       1.87535405E-03  1.87535376E-03 -6.78360289E-08
    0.00000000000000     0.00000000000000     0.00000000000000       1.87535333E-03  1.87537549E-03  7.06953569E-08
# Filename: XFSET.cubic06, Snapshot: 1
    0.07558904499974     0.00000000000000     0.00000000000000      -7.61950446E-03 -2.28746241E-08  6.58909867E-04
    0.00000000000000     0.00000000000000     0.07558904499974       2.69661626E-04  4.48663203E-08 -7.45717294E-03
    0.00000000000000     0.00000000000000     0.00000000000000       1.79686475E-04  2.40473334E-08 -1.14107427E-04
    0.00000000000000     0.00000000000000     0.00000000000000       3.51502014E-04 -5.07796732E-08  1.70312334E-04
    0.00000000000000     0.00000000000000     0.00000000000000       9.23291042E-04  2.52743768E-08 -1.02182558E-04
    0.00000000000000     0.00000000000000     0.00000000000000      -9.88038326E-05 -1.90169083E-09  1.55928977E-04
    0.00000000000000     0.00000000000000     0.00000000000000      -1.16357725E-04 -2.00628383E-08  3.08408142E-04
    0.00000000000000     0.00000000000000     0.00000000000000       2.71016318E-04  5.92240861E-09  3.70286627E-04
    0.00000000000000     0.00000000000000     0.00000000000000      -4.32564611E-04 -2.21053702E-04  1.72031170E-03
    0.00000000000000     0.00000000000000     0.00000000000000       1.44617351E-03  1.67850347E-03 -2.18770659E-04
    0.00000000000000     0.00000000000000     0.00000000000000      -4.32536502E-04  2.21049229E-04  1.72028446E-03
    0.00000000000000     0.00000000000000     0.00000000000000       1.44607353E-03 -1.67850130E-03 -2.18746969E-04
    0.00000000000000     0.00000000000000     0.00000000000000       1.88473877E-03 -2.02777736E-03 -1.49409039E-04
    0.00000000000000     0.00000000000000     0.00000000000000       2.14121695E-05 -1.80912486E-04  1.65268032E-03
    0.00000000000000     0.00000000000000     0.00000000000000       1.88470689E-03  2.02777620E-03 -1.49409510E-04
    0.00000000000000     0.00000000000000     0.00000000000000       2.15046188E-05  1.80913935E-04  1.65267496E-03
# Filename: XFSET.cubic07, Snapshot: 1
    0.07558904499974     0.00000000000000     0.00000000000000      -7.69147748E-03  2.28927354E-08  2.58222449E-08
    0.00000000000000     0.00000000000000     0.00000000000000       3.19462689E-04  7.92914523E-08 -2.24625911E-08
    0.00000000000000     0.00000000000000     0.00000000000000       3.19387926E-04 -2.38118860E-08 -4.32408265E-10
    0.07558904499974     0.00000000000000     0.00000000000000      -7.69140736E-03 -7.69324501E-08  1.47607432E-09
    0.00000000000000     0.00000000000000     0.00000000000000       1.19900542E-03 -3.35059821E-10 -1.28590522E-09
    0.00000000000000     0.00000000000000     0.00000000000000      -2.04367180E-04 -2.90687030E-09  1.24968256E-09
    0.00000000000000     0.00000000000000     0.00000000000000      -2.04286259E-04  8.33121692E-10  2.27478447E-08
    0.00000000000000     0.00000000000000     0.00000000000000       1.19893283E-03 -1.17723704E-10 -1.94561084E-08
    0.00000000000000     0.00000000000000     0.00000000000000       1.37268841E-03  2.81767193E-08  5.07343948E-09
    0.00000000000000     0.00000000000000     0.00000000000000       1.37278939E-03 -2.38526365E-08 -8.34027268E-09
    0.00000000000000     0.00000000000000     0.00000000000000       1.37273723E-03 -2.21818653E-08 -2.14415642E-08
    0.00000000000000     0.00000000000000     0.00000000000000       1.37278954E-03  2.30557375E-08  2.34247561E-08
    0.00000000000000     0.00000000000000     0.00000000000000       1.81599623E-03  2.37213293E-08 -4.52783448E-11
    0.00000000000000     0.00000000000000     0.00000000000000       1.81590306E-03  2.58788428E-08 -5.91561686E-09
    0.00000000000000     0.00000000000000     0.00000000000000       1.81595378E-03 -2.82446368E-08 -2.55460469E-08
    0.00000000000000     0.00000000000000     0.00000000000000       1.81589741E-03 -2.77397831E-08  2.20573498E-08
# Filename: XFSET.cubic08, Snapshot: 1
    0.07558904499974     0.00000000000000     0.00000000000000      -7.76946405E-03 -9.41789751E-10 -2.35266324E-08
    0.00000000000000     0.00000000000000     0.00000000000000       1.91617991E-08 -5.22240527E-08  2.43914489E-08
    0.00000000000000     0.00000000000000     0.00000000000000      -3.31437548E-09  2.33636303E-09 -2.00130321E-09
   -0.07558904499975     0.00000000000000     0.00000000000000       7.76942928E-03  5.25115702E-08 -3.17627647E-09
    0.00000000000000     0.00000000000000     0.00000000000000       5.61345666E-04 -3.09251154E-09 -2.55822696E-08
    0.00000000000000     0.00000000000000     0.00000000000000      -2.02620631E-08  2.49030943E-08  2.57181047E-08
    0.00000000000000     0.00000000000000     0.00000000000000       4.40331984E-09  1.92885785E-09  2.38662200E-08
    0.00000000000000     0.00000000000000     0.00000000000000      -5.61315818E-04 -3.04859153E-08 -2.56864098E-08
    0.00000000000000     0.00000000000000     0.00000000000000      -2.39235098E-04  1.84052406E-03  1.84050073E-03
    0.00000000000000     0.00000000000000     0.00000000000000      -2.39234356E-04  1.84047349E-03 -1.84049740E-03
    0.00000000000000     0.00000000000000     0.00000000000000      -2.39313593E-04 -1.84052710E-03  1.84053884E-03
    0.00000000000000     0.00000000000000     0.00000000000000      -2.39311003E-04 -1.84047175E-03 -1.84054347E-03
    0.00000000000000     0.00000000000000     0.00000000000000       2.39238340E-04 -1.84047349E-03 -1.84052174E-03
    0.00000000000000     0.00000000000000     0.00000000000000       2.39235859E-04 -1.84049551E-03  1.84052609E-03
    0.00000000000000     0.00000000000000     0.00000000000000       2.39313230E-04  1.84047566E-03 -1.84047363E-03
    0.00000000000000     0.00000000000000     0.00000000000000       2.39312108E-04  1.84049885E-03  1.84047436E-03
# Filename: XFSET.cubic09, Snapshot: 1
    0.07558904499974     0.00000000000000     0.00000000000000      -7.67124320E-03  9.73040868E-05 -5.39355744E-08
    0.00000000000000     0.00000000000000     0.00000000000000       1.86196741E-04  9.17628060E-04  4.89277886E-08
    0.00000000000000     0.00000000000000     0.00000000000000       1.63360314E-04  1.43335211E-04 -1.81113414E-09
    0.00000000000000     0.07558904499974     0.00000000000000       1.20159440E-04 -7.73074113E-03 -1.93791353E-09
    0.00000000000000     0.00000000000000     0.00000000000000       9.02177202E-04  3.02052474E-04  9.96123741E-11
    0.00000000000000     0.00000000000000     0.00000000000000      -1.15082723E-04 -1.09675745E-04  3.86677138E-09
    0.00000000000000     0.00000000000000     0.00000000000000      -9.93946608E-05  3.50035286E-04  4.96703535E-08
    0.00000000000000     0.00000000000000     0.00000000000000       3.08704444E-04  1.61496802E-04 -4.74471864E-08
    0.00000000000000     0.00000000000000     0.00000000000000      -3.55363026E-04  1.68619297E-03  1.85720938E-03
    0.00000000000000     0.00000000000000     0.00000000000000      -3.55336077E-04  1.68616935E-03 -1.85721301E-03
    0.00000000000000     0.00000000000000     0.00000000000000       1.52177546E-03 -2.17031101E-04 -4.37615284E-07
    0.00000000000000     0.00000000000000     0.00000000000000       1.52172968E-03 -2.17003825E-04  4.38063540E-07
    0.00000000000000     0.00000000000000     0.00000000000000       1.86943396E-03 -1.53882830E-04 -2.34256616E-05
    0.00000000000000     0.00000000000000     0.00000000000000       1.86941846E-03 -1.53883700E-04  2.34313056E-05
    0.00000000000000     0.00000000000000     0.00000000000000       6.67067958E-05  1.61900062E-03 -1.84888831E-03
    0.00000000000000     0.00000000000000     0.00000000000000       6.67591421E-05  1.61900497E-03  1.84888729E-03
# Filename: XFSET.cubic10, Snapshot: 1
    0.07558904499974     0.00000000000000     0.00000000000000      -6.72747599E-03 -2.23403395E-08 -1.44890719E-10
    0.00000000000000     0.00000000000000     0.00000000000000       6.30829428E-05  1.49192176E-09  2.35447447E-10
    0.00000000000000     0.00000000000000     0.00000000000000       6.30793658E-05  2.74386821E-08 -1.24289080E-09
    0.00000000000000     0.00000000000000     0.00000000000000       6.79048954E-04 -2.97931566E-09  1.81113414E-09
    0.07558904499974     0.00000000000000     0.00000000000000      -6.72752931E-03  3.44115467E-10  5.07208113E-08
    0.00000000000000     0.00000000000000     0.00000000000000       6.30825262E-05  2.46223685E-08 -5.14271536E-08
    0.00000000000000     0.00000000000000     0.00000000000000       6.30731083E-05 -8.24066046E-10  1.08668059E-10
    0.00000000000000     0.00000000000000     0.00000000000000       6.79091987E-04 -2.91818987E-08 -1.84735680E-09
    0.00000000000000     0.00000000000000     0.00000000000000       1.48059505E-03 -2.04086527E-04 -2.04067691E-04
    0.00000000000000     0.00000000000000     0.00000000000000       1.48056593E-03 -2.04085657E-04  2.04069393E-04
    0.00000000000000     0.00000000000000     0.00000000000000       1.48054217E-03  2.04089261E-04 -2.04112190E-04
    0.00000000000000     0.00000000000000     0.00000000000000       1.48056694E-03  2.04086255E-04  2.04113295E-04
    0.00000000000000     0.00000000000000     0.00000000000000       1.48054333E-03 -2.04162540E-04 -2.04109818E-04
    0.00000000000000     0.00000000000000     0.00000000000000       1.48056738E-03 -2.04111701E-04  2.04109528E-04
    0.00000000000000     0.00000000000000     0.00000000000000       1.48059360E-03  2.04162757E-04 -2.04116229E-04
    0.00000000000000     0.00000000000000     0.00000000000000       1.48056868E-03  2.04109528E-04  2.04115722E-04
# Filename: XFSET.cubic11, Snapshot: 1
    0.07558904499974     0.00000000000000     0.00000000000000      -8.38106347E-03 -1.67529907E-09 -8.64816529E-10
    0.00000000000000     0.00000000000000     0.00000000000000       2.82010464E-04 -7.32603757E-09  6.33896944E-10
    0.00000000000000     0.00000000000000     0.00000000000000       2.82036979E-04  3.81243735E-09 -1.91980216E-09
    0.00000000000000     0.00000000000000     0.00000000000000       5.24074209E-05  1.03461037E-09 -1.51682473E-10
   -0.07558904499974     0.00000000000000     0.00000000000000       8.38112606E-03 -4.57311387E-10 -1.58927020E-09
    0.00000000000000     0.00000000000000     0.00000000000000      -2.82012674E-04 -2.68319521E-08  3.21476314E-10
    0.00000000000000     0.00000000000000     0.00000000000000      -2.82039949E-04  5.54207044E-09 -2.86159191E-09
    0.00000000000000     0.00000000000000     0.00000000000000      -5.23779176E-05  2.79865502E-08 -2.12808256E-10
    0.00000000000000     0.00000000000000     0.00000000000000      -7.09511795E-09  1.65584488E-03  1.65577505E-03
    0.00000000000000     0.00000000000000     0.00000000000000      -6.14902677E-08  1.65584793E-03 -1.65577070E-03
    0.00000000000000     0.00000000000000     0.00000000000000      -1.14803265E-08 -1.65584546E-03  1.65579519E-03
    0.00000000000000     0.00000000000000     0.00000000000000      -1.27639678E-08 -1.65584894E-03 -1.65579533E-03
    0.00000000000000     0.00000000000000     0.00000000000000      -8.76815312E-09 -2.03949728E-03 -2.03952032E-03
    0.00000000000000     0.00000000000000     0.00000000000000       3.74361425E-08 -2.03947164E-03  2.03952090E-03
    0.00000000000000     0.00000000000000     0.00000000000000      -8.86550157E-09  2.03949830E-03 -2.03947048E-03
    0.00000000000000     0.00000000000000     0.00000000000000      -7.23548084E-09  2.03947323E-03  2.03946975E-03
# Filename: XFSET.cubic12, Snapshot: 1
    0.07558904499974     0.00000000000000     0.00000000000000      -7.60169044E-03 -3.43662700E-09  4.25616511E-10
    0.00000000000000     0.00000000000000     0.00000000000000       1.08233716E-03 -4.78773308E-08 -1.53493617E-09
    0.00000000000000     0.00000000000000     0.00000000000000       4.57188428E-04  3.09703936E-09  2.77827976E-08
    0.00000000000000     0.00000000000000     0.00000000000000       2.62626348E-04  4.67906503E-08 -2.35198406E-08
    0.00000000000000     0.00000000000000     0.00000000000000       1.08233709E-03 -1.66624338E-09  5.32020651E-08
    0.07558904499974     0.00000000000000     0.00000000000000      -7.60168522E-03 -2.07374856E-09 -5.22783867E-08
    0.00000000000000     0.00000000000000     0.00000000000000       2.62582809E-04  2.21863940E-10 -2.51770283E-08
    0.00000000000000     0.00000000000000     0.00000000000000       4.57139419E-04 -1.58474238E-09  2.50660964E-08
    0.00000000000000     0.00000000000000     0.00000000000000       1.44989604E-03 -1.75153659E-04  1.84421993E-03
    0.00000000000000     0.00000000000000     0.00000000000000       1.44989734E-03 -1.75252348E-04 -1.84422326E-03
    0.00000000000000     0.00000000000000     0.00000000000000       1.44986996E-03  1.75152337E-04  1.84422196E-03
    0.00000000000000     0.00000000000000     0.00000000000000       1.44991806E-03  1.75255028E-04 -1.84421834E-03
    0.00000000000000     0.00000000000000     0.00000000000000       1.44989923E-03 -1.75226702E-04 -1.84421921E-03
    0.00000000000000     0.00000000000000     0.00000000000000       1.44989575E-03 -1.75203175E-04  1.84421906E-03
    0.00000000000000     0.00000000000000     0.00000000000000       1.44991560E-03  1.75230650E-04 -1.84419892E-03
    0.00000000000000     0.00000000000000     0.00000000000000       1.44987039E-03  1.75202976E-04  1.84419428E-03
# Filename: XFSET.cubic13, Snapshot: 1
    0.07558904499974     0.00000000000000     0.00000000000000      -7.70344024E-03 -4.27880442E-10  2.81721914E-08
    0.00000000000000     0.00000000000000     0.00000000000000      -7.66112056E-04 -1.98047517E-08 -2.25576756E-08
    0.00000000000000     0.00000000000000     0.00000000000000      -1.10363396E-04  3.66754663E-09 -1.95421373E-08
    0.00000000000000     0.00000000000000     0.00000000000000       4.68001805E-04  2.30195148E-08  2.03299806E-08
    0.00000000000000     0.00000000000000     0.00000000000000       7.66137267E-04  2.22316715E-09  2.92724554E-08
   -0.07558904499974     0.00000000000000     0.00000000000000       7.70347386E-03  5.09856897E-08 -2.39794159E-08
    0.00000000000000     0.00000000000000     0.00000000000000      -4.67943993E-04 -3.44115467E-10 -2.39522489E-08
    0.00000000000000     0.00000000000000     0.00000000000000       1.10332245E-04 -5.14588485E-08  2.62388057E-08
    0.00000000000000     0.00000000000000     0.00000000000000       3.66754662E-08  1.75971169E-03 -1.74502773E-08
    0.00000000000000     0.00000000000000     0.00000000000000      -4.04018746E-08  1.75973907E-03  1.79981454E-08
    0.00000000000000     0.00000000000000     0.00000000000000       1.16478564E-08 -1.75972110E-03  5.55791788E-09
    0.00000000000000     0.00000000000000     0.00000000000000      -3.54937011E-08 -1.75973893E-03 -9.02850365E-09
    0.00000000000000     0.00000000000000     0.00000000000000      -5.74084241E-08 -2.03314860E-03  7.64751389E-09
    0.00000000000000     0.00000000000000     0.00000000000000       1.45864215E-08 -2.03309847E-03 -1.09618893E-08
    0.00000000000000     0.00000000000000     0.00000000000000      -2.96912802E-08  2.03314484E-03  8.01291018E-08
    0.00000000000000     0.00000000000000     0.00000000000000       1.67348794E-08  2.03310383E-03 -8.70793290E-08
# Filename: XFSET.cubic14, Snapshot: 1
    0.07558904499974     0.00000000000000     0.00000000000000      -7.62891772E-03  5.35371249E-08  5.69978310E-05
    0.00000000000000     0.00000000000000     0.00000000000000       1.42784264E-04 -2.53558777E-10  1.42791309E-04
    0.00000000000000     0.00000000000000     0.00000000000000       1.75723043E-04 -4.89730669E-08  2.81873615E-04
    0.00000000000000     0.00000000000000     0.00000000000000       3.60314595E-04 -2.77556305E-09  3.60239831E-04
    0.00000000000000     0.00000000000000     0.00000000000000       8.70641590E-04 -5.06483660E-08  8.70677160E-04
    0.00000000000000     0.00000000000000     0.07558904499974       5.69977313E-05  2.78597708E-08 -7.62895945E-03
    0.00000000000000     0.00000000000000     0.00000000000000      -1.21607623E-04  4.61454337E-08 -1.21601755E-04
    0.00000000000000     0.00000000000000     0.00000000000000       2.81799648E-04 -3.01734946E-08  1.75716795E-04
    0.00000000000000     0.00000000000000     0.00000000000000       1.61521144E-03 -1.79923878E-04  1.66761407E-03
    0.00000000000000     0.00000000000000     0.00000000000000      -2.32997625E-04  1.75745806E-03 -2.33017692E-04
    0.00000000000000     0.00000000000000     0.00000000000000       1.61521115E-03  1.79926704E-04  1.66761754E-03
    0.00000000000000     0.00000000000000     0.00000000000000      -2.33070794E-04 -1.75745762E-03 -2.33012458E-04
    0.00000000000000     0.00000000000000     0.00000000000000      -1.18675940E-04 -2.02152909E-03 -1.18656842E-04
    0.00000000000000     0.00000000000000     0.00000000000000       1.66759364E-03 -1.79928098E-04  1.61518811E-03
    0.00000000000000     0.00000000000000     0.00000000000000      -1.18677217E-04  2.02153286E-03 -1.18679327E-04
    0.00000000000000     0.00000000000000     0.00000000000000       1.66767246E-03  1.79924856E-04  1.61521231E-03
# Filename: XFSET.cubic15, Snapshot: 1
    0.07558904499974     0.00000000000000     0.00000000000000      -7.70172821E-03  3.34837697E-04 -2.09412383E-09
    0.00000000000000     0.00000000000000     0.00000000000000       1.65777526E-04 -1.22721616E-04  3.91204972E-09
    0.00000000000000     0.00000000000000     0.00000000000000       1.56532447E-04  3.41390815E-04 -2.68274243E-08
    0.00000000000000     0.00000000000000     0.00000000000000       3.41371834E-04  1.56556445E-04  2.85072512E-08
    0.00000000000000     0.00000000000000     0.00000000000000       9.45879144E-04 -5.94823900E-05 -3.06987235E-08
    0.00000000000000     0.00000000000000     0.00000000000000      -5.95044859E-05  9.45884288E-04  2.71987068E-08
    0.00000000000000     0.00000000000000     0.00000000000000      -1.22701747E-04  1.65758201E-04 -2.43416427E-08
    0.00000000000000     0.07558904499974     0.00000000000000       3.34860879E-04 -7.70174154E-03  2.80771069E-08
    0.00000000000000     0.00000000000000     0.00000000000000       1.64455587E-03  1.71940251E-03  1.87493604E-03
    0.00000000000000     0.00000000000000     0.00000000000000       1.64457832E-03  1.71937700E-03 -1.87493705E-03
    0.00000000000000     0.00000000000000     0.00000000000000      -2.33931192E-04 -2.33932134E-04 -2.68025212E-08
    0.00000000000000     0.00000000000000     0.00000000000000      -2.33881585E-04 -2.33902467E-04  2.54962407E-08
    0.00000000000000     0.00000000000000     0.00000000000000      -1.60268781E-04 -1.60297179E-04  2.25101333E-08
    0.00000000000000     0.00000000000000     0.00000000000000      -1.60298012E-04 -1.60275681E-04 -2.34496592E-08
    0.00000000000000     0.00000000000000     0.00000000000000       1.71940236E-03  1.64458369E-03 -1.87491344E-03
    0.00000000000000     0.00000000000000     0.00000000000000       1.71935136E-03  1.64456094E-03  1.87491199E-03
