# Filename: XFSET.harm1, Snapshot: 1
    0.01893354164828     0.00000000000000     0.00000000000000      -9.35764332E-04 -8.62996075E-05 -1.52617594E-04
    0.00000000000000     0.00000000000000    -0.00000087305347      -8.60409310E-04 -1.08438379E-04 -2.90791662E-05
    0.00000000000000    -0.00000087305347     0.00000000000000      -6.75437495E-04  3.46414663E-07 -2.03283385E-04
    0.00000000000000    -0.00000087305347    -0.00000087305347      -1.69785390E-03  2.12417236E-05 -1.58473363E-05
   -0.00000087305347     0.00000000000000     0.00000000000000       5.80719557E-04 -7.45184835E-05 -8.17508350E-05
   -0.00000087305347     0.00000000000000    -0.00000087305347       2.16894910E-04  3.58365213E-06  1.15343981E-04
   -0.00000087305347    -0.00000087305347     0.00000000000000       2.54663185E-04  1.36827741E-04 -1.22077132E-06
   -0.00000087305347    -0.00000087305347    -0.00000087305347      -7.18686382E-04 -6.43363128E-06 -6.69412300E-05
    0.00000000000000    -0.00000043652673    -0.00000043652673      -3.92478737E-04  5.87138061E-04  6.27228373E-04
    0.00000000000000    -0.00000043652673    -0.00000130958020      -3.10458636E-04  6.46187390E-04 -5.27792237E-04
    0.00000000000000    -0.00000130958020    -0.00000043652673      -4.35346417E-04 -4.50402597E-04  7.54780067E-04
    0.00000000000000    -0.00000130958020    -0.00000130958020      -3.93404526E-04 -3.45680990E-04 -4.16935007E-04
   -0.00000087305347    -0.00000043652673    -0.00000043652673       8.85723297E-04 -2.34790480E-05 -1.26282516E-05
   -0.00000087305347    -0.00000043652673    -0.00000130958020       5.45279371E-04 -8.06737729E-06 -1.69228857E-05
   -0.00000087305347    -0.00000130958020    -0.00000043652673       4.69768538E-04  2.08317743E-05  4.64483067E-05
   -0.00000087305347    -0.00000130958020    -0.00000130958020       1.16737203E-04  1.14328941E-04  1.13968911E-04
   -0.00000043652673     0.00000000000000    -0.00000043652673       7.35084351E-04 -3.98482754E-04  8.08380551E-04
   -0.00000043652673     0.00000000000000    -0.00000130958020       8.32720341E-04 -5.75925723E-05 -1.15875100E-03
   -0.00000043652673    -0.00000087305347    -0.00000043652673       5.89396564E-04  4.89238857E-04 -2.67908629E-04
   -0.00000043652673    -0.00000087305347    -0.00000130958020       6.40904945E-04  5.00712897E-05 -4.16590105E-05
   -0.00000130958020     0.00000000000000    -0.00000043652673      -1.19423203E-03 -1.90951628E-05  8.42578788E-04
   -0.00000130958020     0.00000000000000    -0.00000130958020      -8.96489381E-04  2.27527874E-04 -7.80482825E-04
   -0.00000130958020    -0.00000087305347    -0.00000043652673       2.58172713E-04  9.42293265E-05  8.01473436E-05
   -0.00000130958020    -0.00000087305347    -0.00000130958020       4.89376515E-04 -2.72020223E-04 -5.05462863E-05
   -0.00000043652673    -0.00000043652673     0.00000000000000       7.39820702E-04  9.31288171E-04 -2.66294549E-04
   -0.00000043652673    -0.00000043652673    -0.00000087305347       5.55835185E-04 -1.19776273E-04  6.64474757E-04
   -0.00000043652673    -0.00000130958020     0.00000000000000       9.79814966E-04 -1.09390036E-03  2.75830785E-05
   -0.00000043652673    -0.00000130958020    -0.00000087305347       7.83343393E-04 -6.10930244E-05  1.66176173E-04
   -0.00000130958020    -0.00000043652673     0.00000000000000      -1.25746405E-03  7.43132063E-04 -1.01296791E-04
   -0.00000130958020    -0.00000043652673    -0.00000087305347       4.02323569E-04 -6.31684869E-05  1.27395883E-04
   -0.00000130958020    -0.00000130958020     0.00000000000000      -9.25737973E-04 -7.90686174E-04  7.67331170E-05
   -0.00000130958020    -0.00000130958020    -0.00000087305347       6.31810425E-04 -8.61816147E-05 -2.58729397E-04
