&general
  PREFIX = sc222_harm
  MODE = optimize
  NAT = 192; NKD = 3
  KD = Fe Cu S 
/

&optimize
  DFSET = displace/DFSET_harmonic
/
 
&interaction
  NORDER = 1  # 1: harmonic, 2: cubic, ..
/

&cell
     23.483889 # factor in Bohr unit
      1.000000 0.0   0.0   # a1
      0.000000     1.051816 0.0   # a2
      0.000000     0.000000     1.707018 # a3
/

&cutoff 
  *-* 12.0 12.0
/

&position
    1    0.22607949     0.45519265     0.45283959  
    1    0.22607949     0.45519265     0.95283970  
    1    0.22607949     0.95519280     0.45283959  
    1    0.22607949     0.95519280     0.95283970  
    1    0.72607944     0.45519265     0.45283959  
    1    0.72607944     0.45519265     0.95283970  
    1    0.72607944     0.95519280     0.45283959  
    1    0.72607944     0.95519280     0.95283970  
    1    0.47607948     0.29480759     0.45283959  
    1    0.47607948     0.29480759     0.95283970  
    1    0.47607948     0.79480774     0.45283959  
    1    0.47607948     0.79480774     0.95283970  
    1    0.97607943     0.29480759     0.45283959  
    1    0.97607943     0.29480759     0.95283970  
    1    0.97607943     0.79480774     0.45283959  
    1    0.97607943     0.79480774     0.95283970  
    1    0.02392050     0.20519257     0.04716051  
    1    0.02392050     0.20519257     0.54716062  
    1    0.02392050     0.70519273     0.04716051  
    1    0.02392050     0.70519273     0.54716062  
    1    0.52392046     0.20519257     0.04716051  
    1    0.52392046     0.20519257     0.54716062  
    1    0.52392046     0.70519273     0.04716051  
    1    0.52392046     0.70519273     0.54716062  
    1    0.02392050     0.20519257     0.20283954  
    1    0.02392050     0.20519257     0.70283964  
    1    0.02392050     0.70519273     0.20283954  
    1    0.02392050     0.70519273     0.70283964  
    1    0.52392046     0.20519257     0.20283954  
    1    0.52392046     0.20519257     0.70283964  
    1    0.52392046     0.70519273     0.20283954  
    1    0.52392046     0.70519273     0.70283964  
    1    0.47607948     0.29480759     0.29716057  
    1    0.47607948     0.29480759     0.79716068  
    1    0.47607948     0.79480774     0.29716057  
    1    0.47607948     0.79480774     0.79716068  
    1    0.97607943     0.29480759     0.29716057  
    1    0.97607943     0.29480759     0.79716068  
    1    0.97607943     0.79480774     0.29716057  
    1    0.97607943     0.79480774     0.79716068  
    1    0.27392050     0.04480751     0.04716051  
    1    0.27392050     0.04480751     0.54716062  
    1    0.27392050     0.54480766     0.04716051  
    1    0.27392050     0.54480766     0.54716062  
    1    0.77392051     0.04480751     0.04716051  
    1    0.77392051     0.04480751     0.54716062  
    1    0.77392051     0.54480766     0.04716051  
    1    0.77392051     0.54480766     0.54716062  
    1    0.22607949     0.45519265     0.29716057  
    1    0.22607949     0.45519265     0.79716068  
    1    0.22607949     0.95519280     0.29716057  
    1    0.22607949     0.95519280     0.79716068  
    1    0.72607944     0.45519265     0.29716057  
    1    0.72607944     0.45519265     0.79716068  
    1    0.72607944     0.95519280     0.29716057  
    1    0.72607944     0.95519280     0.79716068  
    1    0.27392050     0.04480751     0.20283954  
    1    0.27392050     0.04480751     0.70283964  
    1    0.27392050     0.54480766     0.20283954  
    1    0.27392050     0.54480766     0.70283964  
    1    0.77392051     0.04480751     0.20283954  
    1    0.77392051     0.04480751     0.70283964  
    1    0.77392051     0.54480766     0.20283954  
    1    0.77392051     0.54480766     0.70283964  
    2    0.02394150     0.46663215     0.12500003  
    2    0.02394150     0.46663215     0.62500013  
    2    0.02394150     0.96663231     0.12500003  
    2    0.02394150     0.96663231     0.62500013  
    2    0.52394150     0.46663215     0.12500003  
    2    0.52394150     0.46663215     0.62500013  
    2    0.52394150     0.96663231     0.12500003  
    2    0.52394150     0.96663231     0.62500013  
    2    0.22605849     0.21663206     0.37500008  
    2    0.22605849     0.21663206     0.87500019  
    2    0.22605849     0.71663223     0.37500008  
    2    0.22605849     0.71663223     0.87500019  
    2    0.72605846     0.21663206     0.37500008  
    2    0.72605846     0.21663206     0.87500019  
    2    0.72605846     0.71663223     0.37500008  
    2    0.72605846     0.71663223     0.87500019  
    2    0.47605850     0.03336801     0.37500008  
    2    0.47605850     0.03336801     0.87500019  
    2    0.47605850     0.53336816     0.37500008  
    2    0.47605850     0.53336816     0.87500019  
    2    0.97605845     0.03336801     0.37500008  
    2    0.97605845     0.03336801     0.87500019  
    2    0.97605845     0.53336816     0.37500008  
    2    0.97605845     0.53336816     0.87500019  
    2    0.27394148     0.28336808     0.12500003  
    2    0.27394148     0.28336808     0.62500013  
    2    0.27394148     0.78336824     0.12500003  
    2    0.27394148     0.78336824     0.62500013  
    2    0.77394149     0.28336808     0.12500003  
    2    0.77394149     0.28336808     0.62500013  
    2    0.77394149     0.78336824     0.12500003  
    2    0.77394149     0.78336824     0.62500013  
    3    0.29893698     0.30118710     0.45965011  
    3    0.29893698     0.30118710     0.95965024  
    3    0.29893698     0.80118729     0.45965011  
    3    0.29893698     0.80118729     0.95965024  
    3    0.79893693     0.30118710     0.45965011  
    3    0.79893693     0.30118710     0.95965024  
    3    0.79893693     0.80118729     0.45965011  
    3    0.79893693     0.80118729     0.95965024  
    3    0.45106299     0.05118702     0.20965004  
    3    0.45106299     0.05118702     0.70965013  
    3    0.45106299     0.55118715     0.20965004  
    3    0.45106299     0.55118715     0.70965013  
    3    0.95106300     0.05118702     0.20965004  
    3    0.95106300     0.05118702     0.70965013  
    3    0.95106300     0.55118715     0.20965004  
    3    0.95106300     0.55118715     0.70965013  
    3    0.29423099     0.05323302     0.37500008  
    3    0.29423099     0.05323302     0.87500019  
    3    0.29423099     0.55323320     0.37500008  
    3    0.29423099     0.55323320     0.87500019  
    3    0.79423097     0.05323302     0.37500008  
    3    0.79423097     0.05323302     0.87500019  
    3    0.79423097     0.55323320     0.37500008  
    3    0.79423097     0.55323320     0.87500019  
    3    0.20576899     0.44676714     0.12500003  
    3    0.20576899     0.44676714     0.62500013  
    3    0.20576899     0.94676727     0.12500003  
    3    0.20576899     0.94676727     0.62500013  
    3    0.70576898     0.44676714     0.12500003  
    3    0.70576898     0.44676714     0.62500013  
    3    0.70576898     0.94676727     0.12500003  
    3    0.70576898     0.94676727     0.62500013  
    3    0.04893700     0.44881313     0.29035005  
    3    0.04893700     0.44881313     0.79035013  
    3    0.04893700     0.94881326     0.29035005  
    3    0.04893700     0.94881326     0.79035013  
    3    0.54893700     0.44881313     0.29035005  
    3    0.54893700     0.44881313     0.79035013  
    3    0.54893700     0.94881326     0.29035005  
    3    0.54893700     0.94881326     0.79035013  
    3    0.20106300     0.19881307     0.04035001  
    3    0.20106300     0.19881307     0.54035014  
    3    0.20106300     0.69881324     0.04035001  
    3    0.20106300     0.69881324     0.54035014  
    3    0.70106301     0.19881307     0.04035001  
    3    0.70106301     0.19881307     0.54035014  
    3    0.70106301     0.69881324     0.04035001  
    3    0.70106301     0.69881324     0.54035014  
    3    0.20106300     0.19881307     0.20965004  
    3    0.20106300     0.19881307     0.70965013  
    3    0.20106300     0.69881324     0.20965004  
    3    0.20106300     0.69881324     0.70965013  
    3    0.70106301     0.19881307     0.20965004  
    3    0.70106301     0.19881307     0.70965013  
    3    0.70106301     0.69881324     0.20965004  
    3    0.70106301     0.69881324     0.70965013  
    3    0.29893698     0.30118710     0.29035005  
    3    0.29893698     0.30118710     0.79035013  
    3    0.29893698     0.80118729     0.29035005  
    3    0.29893698     0.80118729     0.79035013  
    3    0.79893693     0.30118710     0.29035005  
    3    0.79893693     0.30118710     0.79035013  
    3    0.79893693     0.80118729     0.29035005  
    3    0.79893693     0.80118729     0.79035013  
    3    0.04893700     0.44881313     0.45965011  
    3    0.04893700     0.44881313     0.95965024  
    3    0.04893700     0.94881326     0.45965011  
    3    0.04893700     0.94881326     0.95965024  
    3    0.54893700     0.44881313     0.45965011  
    3    0.54893700     0.44881313     0.95965024  
    3    0.54893700     0.94881326     0.45965011  
    3    0.54893700     0.94881326     0.95965024  
    3    0.45106299     0.05118702     0.04035001  
    3    0.45106299     0.05118702     0.54035014  
    3    0.45106299     0.55118715     0.04035001  
    3    0.45106299     0.55118715     0.54035014  
    3    0.95106300     0.05118702     0.04035001  
    3    0.95106300     0.05118702     0.54035014  
    3    0.95106300     0.55118715     0.04035001  
    3    0.95106300     0.55118715     0.54035014  
    3    0.04423100     0.19676706     0.37500008  
    3    0.04423100     0.19676706     0.87500019  
    3    0.04423100     0.69676719     0.37500008  
    3    0.04423100     0.69676719     0.87500019  
    3    0.54423098     0.19676706     0.37500008  
    3    0.54423098     0.19676706     0.87500019  
    3    0.54423098     0.69676719     0.37500008  
    3    0.54423098     0.69676719     0.87500019  
    3    0.45576898     0.30323309     0.12500003  
    3    0.45576898     0.30323309     0.62500013  
    3    0.45576898     0.80323328     0.12500003  
    3    0.45576898     0.80323328     0.62500013  
    3    0.95576897     0.30323309     0.12500003  
    3    0.95576897     0.30323309     0.62500013  
    3    0.95576897     0.80323328     0.12500003  
    3    0.95576897     0.80323328     0.62500013  
/
