# Filename: XFSET.cubic01, Snapshot: 1
    0.07558904499974     0.00000000000000     0.00000000000000      -9.90663362E-03 -1.16637038E-07 -2.42257301E-07
    0.00000000000000     0.00000000000000     0.00000000000000       1.38205472E-04  1.71092182E-07  1.20820758E-07
    0.00000000000000     0.00000000000000     0.00000000000000       1.38310029E-04  1.96372218E-08 -2.36339421E-07
    0.00000000000000     0.00000000000000     0.00000000000000      -1.28751470E-04  1.15557149E-07  1.19089993E-07
    0.00000000000000     0.00000000000000     0.00000000000000       2.48997618E-03  4.26427914E-10 -8.15834786E-09
    0.00000000000000     0.00000000000000     0.00000000000000       2.34147043E-04  7.69596171E-08  3.23932659E-08
    0.00000000000000     0.00000000000000     0.00000000000000       2.34093977E-04 -6.77437742E-08 -4.12859345E-08
    0.00000000000000     0.00000000000000     0.00000000000000       6.97712483E-05 -7.44647798E-08  5.10287041E-08
    0.00000000000000     0.00000000000000     0.00000000000000       8.62185549E-04  1.03447403E-03  1.03452793E-03
    0.00000000000000     0.00000000000000     0.00000000000000       8.62138532E-04  1.03438652E-03 -1.03436913E-03
    0.00000000000000     0.00000000000000     0.00000000000000       8.62093978E-04 -1.03442680E-03  1.03431523E-03
    0.00000000000000     0.00000000000000     0.00000000000000       8.62041890E-04 -1.03429929E-03 -1.03431052E-03
    0.00000000000000     0.00000000000000     0.00000000000000       8.20633279E-04 -9.36689015E-04 -9.36568321E-04
    0.00000000000000     0.00000000000000     0.00000000000000       8.20630960E-04 -9.36645041E-04  9.36558179E-04
    0.00000000000000     0.00000000000000     0.00000000000000       8.20551995E-04  9.36584549E-04 -9.36580637E-04
    0.00000000000000     0.00000000000000     0.00000000000000       8.20607923E-04  9.36492253E-04  9.36632652E-04
# Filename: XFSET.cubic02, Snapshot: 1
    0.07558904499974     0.07558904499974     0.00000000000000      -9.97919954E-03 -9.97896771E-03 -1.63002072E-07
    0.00000000000000     0.00000000000000     0.00000000000000       1.37811043E-04  1.37920907E-04 -1.25518387E-07
    0.00000000000000     0.00000000000000     0.00000000000000       1.34535716E-04  2.48601574E-03 -7.52148529E-08
    0.00000000000000     0.00000000000000     0.00000000000000      -1.30595050E-04  2.36393139E-04  1.18990946E-07
    0.00000000000000     0.00000000000000     0.00000000000000       2.48615107E-03  1.34506059E-04 -5.60393199E-08
    0.00000000000000     0.00000000000000     0.00000000000000       2.36327250E-04 -1.30115353E-04  5.67428323E-08
    0.00000000000000     0.00000000000000     0.00000000000000       2.36126594E-04  2.36100441E-04 -8.28933453E-08
    0.00000000000000     0.00000000000000     0.00000000000000       7.16295670E-05  7.15417814E-05  6.37587132E-08
    0.00000000000000     0.00000000000000     0.00000000000000       2.02353844E-03  2.02263099E-03  2.22961942E-03
    0.00000000000000     0.00000000000000     0.00000000000000       2.02339326E-03  2.02263866E-03 -2.22943889E-03
    0.00000000000000     0.00000000000000     0.00000000000000      -1.76077374E-04 -1.07006061E-04 -3.41263945E-05
    0.00000000000000     0.00000000000000     0.00000000000000      -1.76240448E-04 -1.07094353E-04  3.43237175E-05
    0.00000000000000     0.00000000000000     0.00000000000000      -1.07786306E-04 -1.77046149E-04 -3.41770768E-05
    0.00000000000000     0.00000000000000     0.00000000000000      -1.07743781E-04 -1.77032692E-04  3.41678332E-05
    0.00000000000000     0.00000000000000     0.00000000000000       1.66412539E-03  1.66476233E-03 -1.75728114E-03
    0.00000000000000     0.00000000000000     0.00000000000000       1.66401382E-03  1.66475001E-03  1.75717639E-03
# Filename: XFSET.cubic03, Snapshot: 1
    0.07558904499974     0.00000000000000     0.00000000000000      -9.76872662E-03 -9.69318987E-08 -1.93429125E-07
    0.07558904499974     0.00000000000000     0.00000000000000      -9.76870112E-03  7.58672768E-08  3.69992064E-08
    0.00000000000000     0.00000000000000     0.00000000000000       9.02367244E-06  1.37646195E-09  1.13352659E-07
    0.00000000000000     0.00000000000000     0.00000000000000       8.70738051E-06  1.03549330E-07  5.17141052E-08
    0.00000000000000     0.00000000000000     0.00000000000000       2.72462063E-03  9.54009244E-08  9.32818974E-08
    0.00000000000000     0.00000000000000     0.00000000000000       2.72475538E-03  4.03633880E-08 -2.64470862E-08
    0.00000000000000     0.00000000000000     0.00000000000000       3.04375870E-04  2.41876963E-08 -4.11965097E-08
    0.00000000000000     0.00000000000000     0.00000000000000       3.04523151E-04 -2.25237168E-08  8.04709535E-09
    0.00000000000000     0.00000000000000     0.00000000000000       1.71690995E-03  2.06237756E-03 -8.72856285E-08
    0.00000000000000     0.00000000000000     0.00000000000000       1.71681925E-03  2.06220296E-03  2.60251202E-07
    0.00000000000000     0.00000000000000     0.00000000000000       1.71682809E-03 -2.06223093E-03 -8.74084461E-08
    0.00000000000000     0.00000000000000     0.00000000000000       1.71669059E-03 -2.06238886E-03 -4.55062130E-08
    0.00000000000000     0.00000000000000     0.00000000000000       1.64864917E-03 -1.87896342E-03 -9.79082132E-08
    0.00000000000000     0.00000000000000     0.00000000000000       1.64848356E-03 -1.87904920E-03  4.54719182E-08
    0.00000000000000     0.00000000000000     0.00000000000000       1.64851950E-03  1.87887968E-03 -6.88955424E-08
    0.00000000000000     0.00000000000000     0.00000000000000       1.64851921E-03  1.87894488E-03  4.11489675E-08
# Filename: XFSET.cubic04, Snapshot: 1
    0.07558904499974     0.00000000000000     0.00000000000000      -1.00482626E-02  1.68073248E-08  9.81519381E-08
   -0.07558904499975     0.00000000000000     0.00000000000000       1.00482950E-02  3.52947862E-10 -3.55072847E-08
    0.00000000000000     0.00000000000000     0.00000000000000       2.67011520E-04  7.08379837E-09 -6.00057036E-08
    0.00000000000000     0.00000000000000     0.00000000000000      -2.66878873E-04 -8.15961205E-08 -1.73293841E-07
    0.00000000000000     0.00000000000000     0.00000000000000       2.25649665E-03 -4.01186904E-08 -2.08648312E-08
    0.00000000000000     0.00000000000000     0.00000000000000      -2.25642348E-03  3.58944146E-08 -5.73812571E-08
    0.00000000000000     0.00000000000000     0.00000000000000       1.64292215E-04 -3.12211225E-08 -2.04261971E-08
    0.00000000000000     0.00000000000000     0.00000000000000      -1.64349085E-04 -1.75114032E-09 -7.55016544E-10
    0.00000000000000     0.00000000000000     0.00000000000000       4.79346803E-05  1.04809807E-04  1.97093615E-03
    0.00000000000000     0.00000000000000     0.00000000000000       4.79503195E-05  1.04723525E-04 -1.97071504E-03
    0.00000000000000     0.00000000000000     0.00000000000000       4.79881767E-05 -1.04676100E-04  1.97088051E-03
    0.00000000000000     0.00000000000000     0.00000000000000       4.79778623E-05 -1.04740124E-04 -1.97088906E-03
    0.00000000000000     0.00000000000000     0.00000000000000      -4.79838798E-05  1.04681651E-04 -1.97097787E-03
    0.00000000000000     0.00000000000000     0.00000000000000      -4.79468240E-05  1.04751670E-04  1.97104887E-03
    0.00000000000000     0.00000000000000     0.00000000000000      -4.80373309E-05 -1.04709008E-04 -1.97102598E-03
    0.00000000000000     0.00000000000000     0.00000000000000      -4.80623653E-05 -1.04749750E-04  1.97101294E-03
# Filename: XFSET.cubic05, Snapshot: 1
    0.07558904499974     0.00000000000000     0.00000000000000      -9.90758179E-03  1.37622577E-04 -5.83909644E-08
    0.00000000000000     0.07558904499974     0.00000000000000       1.37587477E-04 -9.90742994E-03 -7.13258580E-08
    0.00000000000000     0.00000000000000     0.00000000000000       1.38120276E-04  2.34283983E-04  1.54893285E-07
    0.00000000000000     0.00000000000000     0.00000000000000      -1.29175393E-04  2.49038275E-03  3.01689668E-08
    0.00000000000000     0.00000000000000     0.00000000000000       2.49033232E-03 -1.28809462E-04  1.33551333E-07
    0.00000000000000     0.00000000000000     0.00000000000000       2.34370573E-04  1.38125004E-04 -4.55817183E-08
    0.00000000000000     0.00000000000000     0.00000000000000       2.34344257E-04  7.00942415E-05 -4.65823699E-08
    0.00000000000000     0.00000000000000     0.00000000000000       7.02080305E-05  2.34324389E-04 -1.29043320E-10
    0.00000000000000     0.00000000000000     0.00000000000000       1.89641015E-03  1.89563035E-03 -2.01281807E-07
    0.00000000000000     0.00000000000000     0.00000000000000       1.89643971E-03  1.89561644E-03  2.29325804E-07
    0.00000000000000     0.00000000000000     0.00000000000000      -7.34473254E-05 -2.14001037E-04  1.97041106E-03
    0.00000000000000     0.00000000000000     0.00000000000000      -7.35371395E-05 -2.14113237E-04 -1.97048930E-03
    0.00000000000000     0.00000000000000     0.00000000000000      -2.14635695E-04 -7.41644304E-05 -1.97058783E-03
    0.00000000000000     0.00000000000000     0.00000000000000      -2.14827023E-04 -7.42221512E-05  1.97060811E-03
    0.00000000000000     0.00000000000000     0.00000000000000       1.75769611E-03  1.75831972E-03 -6.63384474E-08
    0.00000000000000     0.00000000000000     0.00000000000000       1.75769959E-03  1.75833638E-03 -4.34672196E-10
# Filename: XFSET.cubic06, Snapshot: 1
    0.07558904499974     0.00000000000000     0.00000000000000      -9.90157983E-03  1.92704672E-08  2.48629190E-03
    0.00000000000000     0.00000000000000     0.07558904499974       1.34251730E-04  7.69352800E-08 -9.90158679E-03
    0.00000000000000     0.00000000000000     0.00000000000000       1.38212789E-04 -7.92846605E-08  2.34523433E-04
    0.00000000000000     0.00000000000000     0.00000000000000      -1.29180881E-04  1.62012740E-07  1.38017866E-04
    0.00000000000000     0.00000000000000     0.00000000000000       2.49107793E-03  8.12469111E-08  2.34667617E-04
    0.00000000000000     0.00000000000000     0.00000000000000       2.34678248E-04  3.82636044E-08  1.38068125E-04
    0.00000000000000     0.00000000000000     0.00000000000000       2.34547811E-04  2.21892230E-08  7.00766282E-05
    0.00000000000000     0.00000000000000     0.00000000000000       7.00567601E-05 -1.77604341E-08 -1.29048930E-04
    0.00000000000000     0.00000000000000     0.00000000000000      -7.40771111E-05  9.79417690E-05  1.85444081E-03
    0.00000000000000     0.00000000000000     0.00000000000000       1.89587956E-03  2.06825534E-03 -1.72654584E-04
    0.00000000000000     0.00000000000000     0.00000000000000      -7.40549700E-05 -9.80163515E-05  1.85449616E-03
    0.00000000000000     0.00000000000000     0.00000000000000       1.89559717E-03 -2.06835198E-03 -1.72756261E-04
    0.00000000000000     0.00000000000000     0.00000000000000       1.75737663E-03 -1.87311810E-03 -1.14714628E-04
    0.00000000000000     0.00000000000000     0.00000000000000      -2.15133286E-04  9.88130875E-05  1.79750122E-03
    0.00000000000000     0.00000000000000     0.00000000000000       1.75737909E-03  1.87306507E-03 -1.14708189E-04
    0.00000000000000     0.00000000000000     0.00000000000000      -2.15030305E-04 -9.88924152E-05  1.79738313E-03
# Filename: XFSET.cubic07, Snapshot: 1
    0.07558904499974     0.00000000000000     0.00000000000000      -1.00381851E-02 -3.91204972E-09 -7.40391633E-08
    0.00000000000000     0.00000000000000     0.00000000000000       2.75953035E-04  9.14673674E-08 -1.74378258E-07
    0.00000000000000     0.00000000000000     0.00000000000000       2.75987773E-04 -1.38968322E-07  1.57569235E-07
    0.07558904499974     0.00000000000000     0.00000000000000      -1.00385155E-02  2.16231304E-07  3.94793282E-08
    0.00000000000000     0.00000000000000     0.00000000000000       2.55974860E-03  8.85967198E-08  8.79084889E-08
    0.00000000000000     0.00000000000000     0.00000000000000       4.68966523E-04  1.92795228E-08 -3.57325444E-08
    0.00000000000000     0.00000000000000     0.00000000000000       4.68821633E-04  1.66963928E-09 -8.71766775E-08
    0.00000000000000     0.00000000000000     0.00000000000000       2.55991957E-03  8.86776550E-09  3.22823339E-08
    0.00000000000000     0.00000000000000     0.00000000000000       1.71762484E-03  6.07975087E-09 -1.36757606E-07
    0.00000000000000     0.00000000000000     0.00000000000000       1.71752603E-03 -9.46510016E-08  2.61674923E-07
    0.00000000000000     0.00000000000000     0.00000000000000       1.71748401E-03  1.12134990E-07 -1.94050288E-07
    0.00000000000000     0.00000000000000     0.00000000000000       1.71725595E-03  5.68537908E-08  1.88071882E-07
    0.00000000000000     0.00000000000000     0.00000000000000       1.64947056E-03 -1.27904556E-07 -1.11877151E-07
    0.00000000000000     0.00000000000000     0.00000000000000       1.64927829E-03 -1.27275187E-07  6.04749006E-08
    0.00000000000000     0.00000000000000     0.00000000000000       1.64938145E-03 -3.73523775E-08 -1.28574676E-07
    0.00000000000000     0.00000000000000     0.00000000000000       1.64928380E-03 -6.98373321E-08  1.12869879E-07
# Filename: XFSET.cubic08, Snapshot: 1
    0.07558904499974     0.00000000000000     0.00000000000000      -9.77798224E-03 -1.30401659E-09 -2.15887188E-08
    0.00000000000000     0.00000000000000     0.00000000000000       8.77154898E-09  8.60662259E-08 -5.65594550E-08
    0.00000000000000     0.00000000000000     0.00000000000000       1.02199469E-07 -1.19399018E-08 -9.28642046E-08
   -0.07558904499975     0.00000000000000     0.00000000000000       9.77782228E-03  2.02962483E-07  1.25536498E-07
    0.00000000000000     0.00000000000000     0.00000000000000       2.42038227E-03 -4.21241500E-08 -6.93636073E-08
    0.00000000000000     0.00000000000000     0.00000000000000       8.64341125E-08  4.83708648E-08  3.37476546E-08
    0.00000000000000     0.00000000000000     0.00000000000000       1.05512147E-07  5.08340072E-08 -4.64601183E-08
    0.00000000000000     0.00000000000000     0.00000000000000      -2.42001337E-03 -4.61669412E-09  2.74205707E-08
    0.00000000000000     0.00000000000000     0.00000000000000       4.80700807E-05  1.97099555E-03  1.97087920E-03
    0.00000000000000     0.00000000000000     0.00000000000000       4.81434045E-05  1.97099961E-03 -1.97074605E-03
    0.00000000000000     0.00000000000000     0.00000000000000       4.80091949E-05 -1.97091905E-03  1.97083081E-03
    0.00000000000000     0.00000000000000     0.00000000000000       4.79288711E-05 -1.97107756E-03 -1.97076344E-03
    0.00000000000000     0.00000000000000     0.00000000000000      -4.81789389E-05 -1.97123303E-03 -1.97116797E-03
    0.00000000000000     0.00000000000000     0.00000000000000      -4.82218719E-05 -1.97112769E-03  1.97115957E-03
    0.00000000000000     0.00000000000000     0.00000000000000      -4.81497887E-05  1.97102801E-03 -1.97126287E-03
    0.00000000000000     0.00000000000000     0.00000000000000      -4.81187912E-05  1.97100338E-03  1.97116942E-03
# Filename: XFSET.cubic09, Snapshot: 1
    0.07558904499974     0.00000000000000     0.00000000000000      -9.90902606E-03  2.36345959E-04 -3.27453051E-08
    0.00000000000000     0.00000000000000     0.00000000000000       1.38322236E-04  2.49020192E-03  2.33092963E-08
    0.00000000000000     0.00000000000000     0.00000000000000       1.38073404E-04  1.38088672E-04  1.20240629E-07
    0.00000000000000     0.07558904499974     0.00000000000000      -1.30650589E-04 -9.90882901E-03 -3.49546058E-08
    0.00000000000000     0.00000000000000     0.00000000000000       2.49029262E-03  6.99625494E-05  1.42442304E-07
    0.00000000000000     0.00000000000000     0.00000000000000       2.34417481E-04  2.34378578E-04 -4.08506963E-08
    0.00000000000000     0.00000000000000     0.00000000000000       2.34374141E-04 -1.28885693E-04  5.91108903E-09
    0.00000000000000     0.00000000000000     0.00000000000000       7.02676893E-05  1.38050385E-04 -3.46481279E-08
    0.00000000000000     0.00000000000000     0.00000000000000      -7.33064056E-05  1.85556574E-03  1.97088920E-03
    0.00000000000000     0.00000000000000     0.00000000000000      -7.33455306E-05  1.85545200E-03 -1.97077995E-03
    0.00000000000000     0.00000000000000     0.00000000000000       1.89679295E-03 -1.73164508E-04 -9.83703354E-08
    0.00000000000000     0.00000000000000     0.00000000000000       1.89662198E-03 -1.73235197E-04 -2.04454978E-09
    0.00000000000000     0.00000000000000     0.00000000000000       1.75824815E-03 -1.15096940E-04 -2.23920134E-07
    0.00000000000000     0.00000000000000     0.00000000000000       1.75804139E-03 -1.15118619E-04  2.29568609E-07
    0.00000000000000     0.00000000000000     0.00000000000000      -2.14485280E-04  1.79821017E-03 -1.97104510E-03
    0.00000000000000     0.00000000000000     0.00000000000000      -2.14637216E-04  1.79807832E-03  1.97088239E-03
# Filename: XFSET.cubic10, Snapshot: 1
    0.07558904499974     0.00000000000000     0.00000000000000      -7.41703416E-03 -1.47643654E-07 -1.59234913E-07
    0.00000000000000     0.00000000000000     0.00000000000000       3.72001082E-04  3.65326138E-08  3.88556189E-08
    0.00000000000000     0.00000000000000     0.00000000000000       3.71930593E-04  6.23052780E-08  1.09037066E-07
    0.00000000000000     0.00000000000000     0.00000000000000      -5.90869832E-05  1.75566815E-07  2.67821460E-08
    0.07558904499974     0.00000000000000     0.00000000000000      -7.41681044E-03  5.99043934E-08  7.89031904E-08
    0.00000000000000     0.00000000000000     0.00000000000000       3.72030495E-04  4.05195983E-08 -3.10326514E-08
    0.00000000000000     0.00000000000000     0.00000000000000       3.72014847E-04  1.31641152E-08  2.88581585E-08
    0.00000000000000     0.00000000000000     0.00000000000000      -5.86317366E-05 -3.71893755E-08 -6.00107975E-08
    0.00000000000000     0.00000000000000     0.00000000000000       1.68362362E-03  1.02295636E-04  1.02274228E-04
    0.00000000000000     0.00000000000000     0.00000000000000       1.68359001E-03  1.02140612E-04 -1.02110366E-04
    0.00000000000000     0.00000000000000     0.00000000000000       1.68359204E-03 -1.02205903E-04  1.02150627E-04
    0.00000000000000     0.00000000000000     0.00000000000000       1.68341440E-03 -1.02317324E-04 -1.02289704E-04
    0.00000000000000     0.00000000000000     0.00000000000000       1.68237872E-03  1.02208864E-04  1.02171039E-04
    0.00000000000000     0.00000000000000     0.00000000000000       1.68228136E-03  1.02168159E-04 -1.02142187E-04
    0.00000000000000     0.00000000000000     0.00000000000000       1.68238365E-03 -1.02271376E-04  1.02115020E-04
    0.00000000000000     0.00000000000000     0.00000000000000       1.68232627E-03 -1.02220990E-04 -1.02203023E-04
# Filename: XFSET.cubic11, Snapshot: 1
    0.07558904499974     0.00000000000000     0.00000000000000      -1.22745144E-02 -8.66446568E-08 -2.32114950E-07
    0.00000000000000     0.00000000000000     0.00000000000000      -9.61833751E-05  3.74481253E-08  4.87896896E-08
    0.00000000000000     0.00000000000000     0.00000000000000      -9.62281735E-05  1.62073865E-08  1.01314277E-07
    0.00000000000000     0.00000000000000     0.00000000000000      -1.98568255E-04  1.70330373E-07  2.96420399E-08
   -0.07558904499974     0.00000000000000     0.00000000000000       1.22743869E-02  6.58296318E-08  1.13390014E-07
    0.00000000000000     0.00000000000000     0.00000000000000       9.63188660E-05  4.07561778E-08 -4.31078222E-08
    0.00000000000000     0.00000000000000     0.00000000000000       9.62685346E-05  1.42728689E-08  1.26054936E-08
    0.00000000000000     0.00000000000000     0.00000000000000       1.98521237E-04 -4.11489675E-08 -4.95311226E-08
    0.00000000000000     0.00000000000000     0.00000000000000       6.98286160E-07  2.06195563E-03  2.06193376E-03
    0.00000000000000     0.00000000000000     0.00000000000000       6.51836229E-07  2.06178640E-03 -2.06170773E-03
    0.00000000000000     0.00000000000000     0.00000000000000       6.38361392E-07 -2.06184943E-03  2.06180828E-03
    0.00000000000000     0.00000000000000     0.00000000000000       4.22267055E-07 -2.06196824E-03 -2.06192724E-03
    0.00000000000000     0.00000000000000     0.00000000000000      -5.28966626E-07 -1.87543693E-03 -1.87547837E-03
    0.00000000000000     0.00000000000000     0.00000000000000      -6.68407541E-07 -1.87541230E-03  1.87547344E-03
    0.00000000000000     0.00000000000000     0.00000000000000      -5.69558104E-07  1.87531377E-03 -1.87549401E-03
    0.00000000000000     0.00000000000000     0.00000000000000      -6.46937112E-07  1.87539563E-03  1.87541215E-03
# Filename: XFSET.cubic12, Snapshot: 1
    0.07558904499974     0.00000000000000     0.00000000000000      -9.67231865E-03  2.89781461E-08 -1.64885651E-07
    0.00000000000000     0.00000000000000     0.00000000000000       2.62832191E-03  2.02862870E-07  4.49274460E-08
    0.00000000000000     0.00000000000000     0.00000000000000       2.08231995E-04  2.87562822E-08 -2.89021917E-07
    0.00000000000000     0.00000000000000     0.00000000000000       1.05206373E-04  1.62257243E-07  1.58907777E-07
    0.00000000000000     0.00000000000000     0.00000000000000       2.62840073E-03  3.20708368E-09 -3.48464417E-11
    0.07558904499974     0.00000000000000     0.00000000000000      -9.67210653E-03  7.07378053E-08  4.19068139E-08
    0.00000000000000     0.00000000000000     0.00000000000000       1.05240332E-04 -7.52645087E-08 -3.60393053E-08
    0.00000000000000     0.00000000000000     0.00000000000000       2.08082070E-04 -7.71045078E-08  4.43376955E-08
    0.00000000000000     0.00000000000000     0.00000000000000       1.68317243E-03  1.03722284E-04  1.97085950E-03
    0.00000000000000     0.00000000000000     0.00000000000000       1.68319909E-03  1.03696575E-04 -1.97080980E-03
    0.00000000000000     0.00000000000000     0.00000000000000       1.68322228E-03 -1.03777931E-04  1.97078647E-03
    0.00000000000000     0.00000000000000     0.00000000000000       1.68318301E-03 -1.03702905E-04 -1.97075851E-03
    0.00000000000000     0.00000000000000     0.00000000000000       1.68201997E-03  1.03555325E-04 -1.97115493E-03
    0.00000000000000     0.00000000000000     0.00000000000000       1.68208228E-03  1.03573219E-04  1.97119912E-03
    0.00000000000000     0.00000000000000     0.00000000000000       1.68201447E-03 -1.03635540E-04 -1.97114682E-03
    0.00000000000000     0.00000000000000     0.00000000000000       1.68204663E-03 -1.03772045E-04  1.97122651E-03
# Filename: XFSET.cubic13, Snapshot: 1
    0.07558904499974     0.00000000000000     0.00000000000000      -1.01480679E-02 -1.43441823E-08 -1.21563323E-07
    0.00000000000000     0.00000000000000     0.00000000000000      -2.35267715E-03  3.15307133E-08 -1.12129578E-07
    0.00000000000000     0.00000000000000     0.00000000000000       6.80019333E-05 -3.24894824E-08 -1.66007989E-07
    0.00000000000000     0.00000000000000     0.00000000000000      -3.63741804E-04  3.33835035E-07  2.46013707E-07
    0.00000000000000     0.00000000000000     0.00000000000000       2.35266584E-03  4.41124357E-08 -7.90809079E-08
   -0.07558904499974     0.00000000000000     0.00000000000000       1.01479022E-02 -2.15202353E-08  6.20064409E-08
    0.00000000000000     0.00000000000000     0.00000000000000       3.63723294E-04  8.61986655E-10 -1.50141888E-07
    0.00000000000000     0.00000000000000     0.00000000000000      -6.80185188E-05  3.79087353E-08  9.71797977E-08
    0.00000000000000     0.00000000000000     0.00000000000000       7.76168324E-07  2.06390499E-03  1.31080833E-07
    0.00000000000000     0.00000000000000     0.00000000000000       5.29540529E-07  2.06410668E-03  1.19521835E-07
    0.00000000000000     0.00000000000000     0.00000000000000       4.81446994E-07 -2.06398671E-03  1.43413524E-08
    0.00000000000000     0.00000000000000     0.00000000000000       3.66606375E-07 -2.06409900E-03 -6.05597964E-10
    0.00000000000000     0.00000000000000     0.00000000000000      -4.02561279E-07 -1.87936491E-03 -1.22636420E-08
    0.00000000000000     0.00000000000000     0.00000000000000      -4.89796252E-07 -1.87929638E-03 -3.48246383E-08
    0.00000000000000     0.00000000000000     0.00000000000000      -5.07931011E-07  1.87914555E-03 -6.86284001E-08
    0.00000000000000     0.00000000000000     0.00000000000000      -5.35202092E-07  1.87921206E-03  7.65023057E-08
# Filename: XFSET.cubic14, Snapshot: 1
    0.07558904499974     0.00000000000000     0.00000000000000      -9.91075779E-03 -3.18759609E-09  2.36144651E-04
    0.00000000000000     0.00000000000000     0.00000000000000       1.38056497E-04 -1.67422937E-07  1.38173361E-04
    0.00000000000000     0.00000000000000     0.00000000000000       1.38060844E-04  2.29266942E-08  6.99882222E-05
    0.00000000000000     0.00000000000000     0.00000000000000      -1.29336312E-04  9.62957378E-08 -1.28821090E-04
    0.00000000000000     0.00000000000000     0.00000000000000       2.49107445E-03 -9.57254030E-09  2.49105504E-03
    0.00000000000000     0.00000000000000     0.07558904499974       2.36313992E-04  7.38925746E-08 -9.91056769E-03
    0.00000000000000     0.00000000000000     0.00000000000000       2.34530315E-04 -5.48303879E-08  2.34358837E-04
    0.00000000000000     0.00000000000000     0.00000000000000       7.01592702E-05 -4.11919819E-08  1.38155249E-04
    0.00000000000000     0.00000000000000     0.00000000000000       1.79904112E-03  9.83310813E-05  1.85544346E-03
    0.00000000000000     0.00000000000000     0.00000000000000      -1.72498880E-04  2.06915917E-03 -1.72933697E-04
    0.00000000000000     0.00000000000000     0.00000000000000       1.79902590E-03 -9.82938353E-05  1.85541491E-03
    0.00000000000000     0.00000000000000     0.00000000000000      -1.72531064E-04 -2.06911555E-03 -1.72897583E-04
    0.00000000000000     0.00000000000000     0.00000000000000      -1.15618239E-04 -1.87406133E-03 -1.15206532E-04
    0.00000000000000     0.00000000000000     0.00000000000000       1.85500994E-03  9.83040683E-05  1.79843591E-03
    0.00000000000000     0.00000000000000     0.00000000000000      -1.15525998E-04  1.87414334E-03 -1.15257352E-04
    0.00000000000000     0.00000000000000     0.00000000000000       1.85499285E-03 -9.83847905E-05  1.79851313E-03
# Filename: XFSET.cubic15, Snapshot: 1
    0.07558904499974     0.00000000000000     0.00000000000000      -9.90825524E-03  7.15887712E-05 -1.16492147E-07
    0.00000000000000     0.00000000000000     0.00000000000000       1.38081989E-04  2.34414257E-04 -1.18375727E-07
    0.00000000000000     0.00000000000000     0.00000000000000       1.38120421E-04 -1.28984264E-04  2.89424894E-07
    0.00000000000000     0.00000000000000     0.00000000000000      -1.29344335E-04  1.38233155E-04  5.71299621E-09
    0.00000000000000     0.00000000000000     0.00000000000000       2.49021322E-03  2.34583599E-04  9.38314635E-08
    0.00000000000000     0.00000000000000     0.00000000000000       2.34573674E-04  2.49024423E-03 -1.91255764E-08
    0.00000000000000     0.00000000000000     0.00000000000000       2.34374521E-04  1.38132746E-04 -1.07214613E-07
    0.00000000000000     0.07558904499974     0.00000000000000       7.19897926E-05 -9.90795966E-03  5.38789765E-08
    0.00000000000000     0.00000000000000     0.00000000000000       1.79864107E-03  1.85529393E-03  1.97065100E-03
    0.00000000000000     0.00000000000000     0.00000000000000       1.79866599E-03  1.85521163E-03 -1.97051075E-03
    0.00000000000000     0.00000000000000     0.00000000000000      -1.72528601E-04 -1.73100430E-04 -1.34791394E-07
    0.00000000000000     0.00000000000000     0.00000000000000      -1.72641254E-04 -1.73286343E-04  1.18252821E-08
    0.00000000000000     0.00000000000000     0.00000000000000      -1.15548637E-04 -1.15058281E-04 -1.18371765E-07
    0.00000000000000     0.00000000000000     0.00000000000000      -1.15678260E-04 -1.15183195E-04  1.05937197E-07
    0.00000000000000     0.00000000000000     0.00000000000000       1.85466162E-03  1.79792357E-03 -1.97086428E-03
    0.00000000000000     0.00000000000000     0.00000000000000       1.85467713E-03  1.79794922E-03  1.97077952E-03
