# Filename: XFSET.harm1, Snapshot: 1
    0.01889726124994     0.00000000000000     0.00000000000000      -2.47857328E-03  1.21418432E-07 -1.92704672E-07
    0.00000000000000     0.00000000000000     0.00000000000000       3.43275232E-05 -1.40073114E-07  9.41789748E-08
    0.00000000000000     0.00000000000000     0.00000000000000       3.43152618E-05  2.59014820E-08  4.12222265E-09
    0.00000000000000     0.00000000000000     0.00000000000000      -3.19630355E-05  6.55562638E-08  6.03396315E-08
    0.00000000000000     0.00000000000000     0.00000000000000       6.27432936E-04  9.41919923E-08 -2.42561798E-08
    0.00000000000000     0.00000000000000     0.00000000000000       5.82790635E-05  3.51314743E-08  3.64864290E-08
    0.00000000000000     0.00000000000000     0.00000000000000       5.82262327E-05 -5.10666248E-08  1.11611141E-09
    0.00000000000000     0.00000000000000     0.00000000000000       1.75151759E-05 -8.16895071E-08  5.52554384E-08
    0.00000000000000     0.00000000000000     0.00000000000000       2.11844556E-04  2.48671125E-04  2.48567293E-04
    0.00000000000000     0.00000000000000     0.00000000000000       2.11799839E-04  2.48737250E-04 -2.48587324E-04
    0.00000000000000     0.00000000000000     0.00000000000000       2.11771259E-04 -2.48735257E-04  2.48631860E-04
    0.00000000000000     0.00000000000000     0.00000000000000       2.11785984E-04 -2.48662576E-04 -2.48546284E-04
    0.00000000000000     0.00000000000000     0.00000000000000       2.08346242E-04 -2.42690742E-04 -2.42848256E-04
    0.00000000000000     0.00000000000000     0.00000000000000       2.08303463E-04 -2.42773294E-04  2.42800243E-04
    0.00000000000000     0.00000000000000     0.00000000000000       2.08352544E-04  2.42693495E-04 -2.42866404E-04
    0.00000000000000     0.00000000000000     0.00000000000000       2.08240001E-04  2.42692118E-04  2.42814841E-04
