# Filename: XFSET.harm1, Snapshot: 1
    0.01889726124994     0.00000000000000     0.00000000000000      -5.12725494E-03 -6.61800269E-09  6.78000268E-10
    0.00000000000000     0.00000000000000     0.00000000000000      -3.23687632E-05  2.53600102E-09 -4.60000194E-10
    0.00000000000000     0.00000000000000     0.00000000000000      -1.56729916E-04  4.55261185E-06  4.57087786E-06
    0.00000000000000     0.00000000000000     0.00000000000000      -1.55856091E-04 -4.46960182E-06  4.45472981E-06
    0.00000000000000     0.00000000000000     0.00000000000000      -3.23687232E-05  2.43600099E-09 -2.88000101E-10
    0.00000000000000     0.00000000000000     0.00000000000000      -7.30587038E-05 -4.40000181E-09  4.86000200E-10
    0.00000000000000     0.00000000000000     0.00000000000000      -1.55855915E-04  4.47021382E-06 -4.48257783E-06
    0.00000000000000     0.00000000000000     0.00000000000000      -1.56730046E-04 -4.55965986E-06 -4.54212985E-06
    0.00000000000000     0.00000000000000     0.00000000000000       1.15183405E-03  9.06255779E-04  9.06236841E-04
    0.00000000000000     0.00000000000000     0.00000000000000      -2.43123639E-05  1.44460779E-05  2.32606095E-06
    0.00000000000000     0.00000000000000     0.00000000000000       7.89206921E-06 -7.26152296E-06 -7.27256696E-06
    0.00000000000000     0.00000000000000     0.00000000000000      -2.43125199E-05 -2.32336695E-06 -1.44467399E-05
    0.00000000000000     0.00000000000000     0.00000000000000      -2.43123819E-05  2.32720295E-06  1.44468279E-05
    0.00000000000000     0.00000000000000     0.00000000000000       7.89199521E-06  7.26856896E-06  7.25666896E-06
    0.00000000000000     0.00000000000000     0.00000000000000      -2.43123439E-05 -1.44462039E-05 -2.32305495E-06
    0.00000000000000     0.00000000000000     0.00000000000000       1.15183405E-03 -9.06251251E-04 -9.06271491E-04
    0.00000000000000     0.00000000000000     0.00000000000000       1.18374458E-04 -4.48154383E-06  1.49359303E-04
    0.00000000000000     0.00000000000000     0.00000000000000       1.18374918E-04  4.48086783E-06 -1.49375305E-04
    0.00000000000000     0.00000000000000     0.00000000000000       1.18376362E-04  1.49367151E-04 -4.49007783E-06
    0.00000000000000     0.00000000000000     0.00000000000000       2.59985986E-05 -1.90312558E-05 -2.32399895E-06
    0.00000000000000     0.00000000000000     0.00000000000000       2.60029346E-05 -2.31619694E-06 -1.90383278E-05
    0.00000000000000     0.00000000000000     0.00000000000000       2.60019926E-05  2.32084095E-06  1.90253997E-05
    0.00000000000000     0.00000000000000     0.00000000000000       1.18373228E-04 -1.49366433E-04  4.47166782E-06
    0.00000000000000     0.00000000000000     0.00000000000000       2.60060806E-05  1.90343098E-05  2.31305294E-06
    0.00000000000000     0.00000000000000     0.00000000000000       8.32760939E-06 -7.21337894E-06 -1.78569553E-05
    0.00000000000000     0.00000000000000     0.00000000000000       1.81587834E-05 -2.12550487E-06  2.11907086E-06
    0.00000000000000     0.00000000000000     0.00000000000000       8.32762939E-06 -1.78517313E-05 -7.21730294E-06
    0.00000000000000     0.00000000000000     0.00000000000000       2.14697227E-05  2.51682103E-06 -2.52118703E-06
    0.00000000000000     0.00000000000000     0.00000000000000       2.14695687E-05 -2.51581302E-06  2.51326302E-06
    0.00000000000000     0.00000000000000     0.00000000000000       8.32779939E-06  1.78530933E-05  7.20550293E-06
    0.00000000000000     0.00000000000000     0.00000000000000       1.81588074E-05  2.12203286E-06 -2.12635887E-06
    0.00000000000000     0.00000000000000     0.00000000000000       8.32764539E-06  7.21015694E-06  1.78473893E-05
    0.00000000000000     0.00000000000000     0.00000000000000       5.24313754E-05  2.28600095E-09 -1.94000065E-10
    0.00000000000000     0.00000000000000     0.00000000000000      -1.98583781E-05 -4.39600177E-09 -6.98000281E-10
    0.00000000000000     0.00000000000000     0.00000000000000       2.17535549E-05  2.17918489E-06  2.17479689E-06
    0.00000000000000     0.00000000000000     0.00000000000000       2.17293209E-05 -2.48964501E-06  2.49320302E-06
    0.00000000000000     0.00000000000000     0.00000000000000      -1.98580721E-05  5.49400225E-09  8.06000339E-10
    0.00000000000000     0.00000000000000     0.00000000000000       3.95318501E-05  3.61200148E-09 -4.02000151E-10
    0.00000000000000     0.00000000000000     0.00000000000000       2.17291909E-05  2.49197502E-06 -2.48694301E-06
    0.00000000000000     0.00000000000000     0.00000000000000       2.17536549E-05 -2.17518289E-06 -2.18135489E-06
    0.00000000000000     0.00000000000000     0.00000000000000       1.77954632E-05  2.01558882E-06  2.02259282E-06
    0.00000000000000     0.00000000000000     0.00000000000000       8.58376350E-06  6.25769255E-06 -1.74919531E-05
    0.00000000000000     0.00000000000000     0.00000000000000       2.15103988E-05 -2.53387903E-06 -2.52915303E-06
    0.00000000000000     0.00000000000000     0.00000000000000       8.58390950E-06  1.74950431E-05 -6.25517855E-06
    0.00000000000000     0.00000000000000     0.00000000000000       8.58387150E-06 -1.74961211E-05  6.26833455E-06
    0.00000000000000     0.00000000000000     0.00000000000000       2.15105448E-05  2.53270303E-06  2.53694703E-06
    0.00000000000000     0.00000000000000     0.00000000000000       8.58384350E-06 -6.26424255E-06  1.75010351E-05
    0.00000000000000     0.00000000000000     0.00000000000000       1.77955232E-05 -2.02104882E-06 -2.01424482E-06
    0.00000000000000     0.00000000000000     0.00000000000000       1.16769872E-04 -4.58239787E-06 -1.47137148E-04
    0.00000000000000     0.00000000000000     0.00000000000000       1.16769486E-04  4.57660186E-06  1.47153890E-04
    0.00000000000000     0.00000000000000     0.00000000000000       1.16768416E-04 -1.47148790E-04 -4.56943586E-06
    0.00000000000000     0.00000000000000     0.00000000000000       2.62116847E-05  1.85213015E-05 -2.37164497E-06
    0.00000000000000     0.00000000000000     0.00000000000000       2.62075867E-05 -2.37563497E-06  1.85286255E-05
    0.00000000000000     0.00000000000000     0.00000000000000       2.62085747E-05  2.37749097E-06 -1.85158615E-05
    0.00000000000000     0.00000000000000     0.00000000000000       1.16771152E-04  1.47144464E-04  4.58888987E-06
    0.00000000000000     0.00000000000000     0.00000000000000       2.62042287E-05 -1.85217655E-05  2.38148897E-06
    0.00000000000000     0.00000000000000     0.00000000000000      -2.40716158E-05 -1.48529200E-05  2.14839688E-06
    0.00000000000000     0.00000000000000     0.00000000000000       1.11678176E-03 -8.59624606E-04  8.59639120E-04
    0.00000000000000     0.00000000000000     0.00000000000000      -2.40716618E-05  2.15267688E-06 -1.48523340E-05
    0.00000000000000     0.00000000000000     0.00000000000000       8.29824738E-06  6.90281081E-06 -6.89487281E-06
    0.00000000000000     0.00000000000000     0.00000000000000       8.29844338E-06 -6.89977081E-06  6.90915481E-06
    0.00000000000000     0.00000000000000     0.00000000000000      -2.40717638E-05 -2.14771887E-06  1.48524960E-05
    0.00000000000000     0.00000000000000     0.00000000000000       1.11678179E-03  8.59620054E-04 -8.59604520E-04
    0.00000000000000     0.00000000000000     0.00000000000000      -2.40716158E-05  1.48529200E-05 -2.15284288E-06
