# Filename: XFSET.harm1, Snapshot: 1
    0.01898040919944     0.00000000000000     0.00000000000000      -8.39176512E-03  0.00000000E+00  0.00000000E+00
    0.00000000000000     0.00000000000000     0.00000000000000       2.41385973E-05  0.00000000E+00  0.00000000E+00
    0.00000000000000     0.00000000000000     0.00000000000000      -2.89950586E-04 -5.04645990E-05 -5.04645990E-05
    0.00000000000000     0.00000000000000     0.00000000000000      -2.89390876E-04  4.93073622E-05 -4.93058495E-05
    0.00000000000000     0.00000000000000     0.00000000000000       2.41385973E-05 -0.00000000E+00 -0.00000000E+00
    0.00000000000000     0.00000000000000     0.00000000000000      -2.33422974E-04  0.00000000E+00  0.00000000E+00
    0.00000000000000     0.00000000000000     0.00000000000000      -2.89390876E-04 -4.93073622E-05  4.93058495E-05
    0.00000000000000     0.00000000000000     0.00000000000000      -2.89950586E-04  5.04645990E-05  5.04645990E-05
    0.00000000000000     0.00000000000000     0.00000000000000       2.08490648E-03  1.42293983E-03  1.42293832E-03
    0.00000000000000     0.00000000000000     0.00000000000000      -2.28406768E-05  7.25201701E-06  1.83675408E-05
    0.00000000000000     0.00000000000000     0.00000000000000       1.16601058E-04 -2.25214913E-05 -2.25230040E-05
    0.00000000000000     0.00000000000000     0.00000000000000      -2.28406768E-05 -1.83660281E-05 -7.25050428E-06
    0.00000000000000     0.00000000000000     0.00000000000000      -2.28406768E-05  1.83675408E-05  7.25050428E-06
    0.00000000000000     0.00000000000000     0.00000000000000       1.16601058E-04  2.25230040E-05  2.25230040E-05
    0.00000000000000     0.00000000000000     0.00000000000000      -2.28406768E-05 -7.25201701E-06 -1.83675408E-05
    0.00000000000000     0.00000000000000     0.00000000000000       2.08490648E-03 -1.42293983E-03 -1.42293832E-03
    0.00000000000000     0.00000000000000     0.00000000000000       1.19245306E-04  5.06748681E-05  1.24185875E-04
    0.00000000000000     0.00000000000000     0.00000000000000       1.19245306E-04 -5.06748681E-05 -1.24185875E-04
    0.00000000000000     0.00000000000000     0.00000000000000       1.19243793E-04  1.24185875E-04  5.06748681E-05
    0.00000000000000     0.00000000000000     0.00000000000000       2.38738699E-05 -2.92909481E-05  4.28858327E-06
    0.00000000000000     0.00000000000000     0.00000000000000       2.38738699E-05  4.28858327E-06 -2.92924609E-05
    0.00000000000000     0.00000000000000     0.00000000000000       2.38738699E-05 -4.28858327E-06  2.92924609E-05
    0.00000000000000     0.00000000000000     0.00000000000000       1.19243793E-04 -1.24185875E-04 -5.06748681E-05
    0.00000000000000     0.00000000000000     0.00000000000000       2.38738699E-05  2.92909481E-05 -4.28858327E-06
    0.00000000000000     0.00000000000000     0.00000000000000       1.21895605E-05 -2.29117751E-05  1.67186675E-05
    0.00000000000000     0.00000000000000     0.00000000000000      -1.86882391E-05 -1.81587843E-05  1.81602971E-05
    0.00000000000000     0.00000000000000     0.00000000000000       1.21895605E-05  1.67186675E-05 -2.29117751E-05
    0.00000000000000     0.00000000000000     0.00000000000000      -2.76632530E-05  1.84613299E-05 -1.84598172E-05
    0.00000000000000     0.00000000000000     0.00000000000000      -2.76632530E-05 -1.84613299E-05  1.84613299E-05
    0.00000000000000     0.00000000000000     0.00000000000000       1.21895605E-05 -1.67186675E-05  2.29132878E-05
    0.00000000000000     0.00000000000000     0.00000000000000      -1.86882391E-05  1.81587843E-05 -1.81587843E-05
    0.00000000000000     0.00000000000000     0.00000000000000       1.21895605E-05  2.29117751E-05 -1.67171548E-05
    0.00000000000000     0.00000000000000     0.00000000000000       2.36439353E-05  0.00000000E+00 -0.00000000E+00
    0.00000000000000     0.00000000000000     0.00000000000000       1.21018223E-06  0.00000000E+00  0.00000000E+00
    0.00000000000000     0.00000000000000     0.00000000000000       1.72511477E-05 -4.15092505E-06 -4.15243777E-06
    0.00000000000000     0.00000000000000     0.00000000000000       1.74674678E-05  4.08587775E-06 -4.08587775E-06
    0.00000000000000     0.00000000000000     0.00000000000000       1.21018223E-06 -0.00000000E+00 -0.00000000E+00
    0.00000000000000     0.00000000000000     0.00000000000000       2.11025526E-06  0.00000000E+00 -0.00000000E+00
    0.00000000000000     0.00000000000000     0.00000000000000       1.74674678E-05 -4.08587775E-06  4.08587775E-06
    0.00000000000000     0.00000000000000     0.00000000000000       1.72511477E-05  4.15092505E-06  4.15243777E-06
    0.00000000000000     0.00000000000000     0.00000000000000      -1.89030464E-05  1.82389589E-05  1.82389589E-05
    0.00000000000000     0.00000000000000     0.00000000000000       1.20851823E-05  2.26455350E-05  1.64191474E-05
    0.00000000000000     0.00000000000000     0.00000000000000      -2.76390494E-05 -1.85233517E-05 -1.85233517E-05
    0.00000000000000     0.00000000000000     0.00000000000000       1.20851823E-05 -1.64176347E-05 -2.26440222E-05
    0.00000000000000     0.00000000000000     0.00000000000000       1.20851823E-05  1.64191474E-05  2.26455350E-05
    0.00000000000000     0.00000000000000     0.00000000000000      -2.76390494E-05  1.85233517E-05  1.85248645E-05
    0.00000000000000     0.00000000000000     0.00000000000000       1.20851823E-05 -2.26455350E-05 -1.64191474E-05
    0.00000000000000     0.00000000000000     0.00000000000000      -1.89030464E-05 -1.82389589E-05 -1.82389589E-05
    0.00000000000000     0.00000000000000     0.00000000000000       1.18324055E-04  5.00304461E-05 -1.23311518E-04
    0.00000000000000     0.00000000000000     0.00000000000000       1.18324055E-04 -5.00304461E-05  1.23311518E-04
    0.00000000000000     0.00000000000000     0.00000000000000       1.18324055E-04 -1.23310006E-04  5.00304461E-05
    0.00000000000000     0.00000000000000     0.00000000000000       2.38284881E-05  2.93454063E-05  4.32337601E-06
    0.00000000000000     0.00000000000000     0.00000000000000       2.38284881E-05  4.32337601E-06  2.93438936E-05
    0.00000000000000     0.00000000000000     0.00000000000000       2.38284881E-05 -4.32337601E-06 -2.93438936E-05
    0.00000000000000     0.00000000000000     0.00000000000000       1.18324055E-04  1.23310006E-04 -5.00304461E-05
    0.00000000000000     0.00000000000000     0.00000000000000       2.38284881E-05 -2.93454063E-05 -4.32337601E-06
    0.00000000000000     0.00000000000000     0.00000000000000      -2.25880513E-05 -7.64230078E-06  1.80589443E-05
    0.00000000000000     0.00000000000000     0.00000000000000       2.06651323E-03 -1.38470110E-03  1.38470261E-03
    0.00000000000000     0.00000000000000     0.00000000000000      -2.25880513E-05  1.80604570E-05 -7.64230078E-06
    0.00000000000000     0.00000000000000     0.00000000000000       1.15631399E-04  2.24685458E-05 -2.24670331E-05
    0.00000000000000     0.00000000000000     0.00000000000000       1.15631399E-04 -2.24670331E-05  2.24670331E-05
    0.00000000000000     0.00000000000000     0.00000000000000      -2.25880513E-05 -1.80589443E-05  7.64381351E-06
    0.00000000000000     0.00000000000000     0.00000000000000       2.06651323E-03  1.38470110E-03 -1.38470261E-03
    0.00000000000000     0.00000000000000     0.00000000000000      -2.25880513E-05  7.64230078E-06 -1.80589443E-05
